0	0	0
0.05	0	0
0.1	0	0
0.15	0	0
0.2	0	0
0.25	0	0
0.3	0	0
0.35	0	0
0.4	0	0
0.45	0	0.05
0.5	0	0.1
0.55	0	0.15
0.6	0	0.25
0.65	0	0.35
0.7	0	0.45
0.75	0	0.55
0.8	0	0.65
0.85	0	0.8
0.9	0	0.95
0.95	0	1.1
1.0	0	1.25
1.05	0	1.45
1.1	0	1.65
1.15	0	1.85
1.2	0	2.05
1.25	0	2.25
1.3	0	2.45
1.35	0	2.65
1.4	0	2.85
1.45	0	3.05
1.5	0	3.25
1.55	0	3.45
1.6	0	3.65
1.65	0	3.85
1.7	0	4.05
1.75	0	4.25
1.8	0	4.45
1.85	0	4.65
1.9	0	4.85
1.95	0	5.05
2.0	0	5.25
2.05	0	5.45
2.1	0	5.65
2.15	0.05	5.85
2.2	0.1	6.05
2.25	0.15	6.25
2.3	0.2	6.45
2.35	0.25	6.65
2.4	0.3	6.85
2.45	0.35	7.05
2.5	0.4	7.25
2.55	0.45	7.45
2.6	0.5	7.65
2.65	0.55	7.85
2.7	0.6	8.05
2.75	0.65	8.25
2.8	0.7	8.45
2.85	0.75	8.65
2.9	0.8	8.85
2.95	0.9	9.05
3.0	1.0	9.25
3.05	1.1	9.45
3.1	1.2	9.65
3.15	1.3	9.85
3.2	1.45	10.05
3.25	1.6	10.25
3.3	1.75	10.45
3.35	1.9	10.65
3.4	2.05	10.9
3.45	2.2	11.15
3.5	2.35	11.4
3.55	2.5	11.65
3.6	2.65	11.9
3.65	2.8	12.15
3.7	2.95	12.4
3.75	3.1	12.65
3.8	3.3	12.9
3.85	3.5	13.15
3.9	3.7	13.4
3.95	3.9	13.65
4.0	4.1	13.9
4.05	4.3	14.15
4.1	4.5	14.4
4.15	4.75	14.65
4.2	5.0	14.9
4.25	5.25	15.15
4.3	5.5	15.4
4.35	5.75	15.65
4.4	6.0	15.9
4.45	6.25	16.15
4.5	6.5	16.4
4.55	6.75	16.65
4.6	7.0	16.9
4.65	7.25	17.15
4.7	7.5	17.4
4.75	7.75	17.65
4.8	8.0	17.9
4.85	8.25	18.15
4.9	8.5	18.4
4.95	8.75	18.65
5.0	9.0	18.9
5.05	9.25	19.15
5.1	9.55	19.4
5.15	9.85	19.65
5.2	10.15	19.9
5.25	10.45	20.15
5.3	10.75	20.4
5.35	11.05	20.65
5.4	11.35	20.9
5.45	11.65	21.15
5.5	11.95	21.4
5.55	12.25	21.65
5.6	12.55	21.9
5.65	12.9	22.15
5.7	13.25	22.4
5.75	13.6	22.65
5.8	13.95	22.9
5.85	14.3	23.15
5.9	14.65	23.4
5.95	15.0	23.65
6.0	15.35	23.9
6.05	15.7	24.15
6.1	16.05	24.45
6.15	16.4	24.75
6.2	16.75	25.1
6.25	17.1	25.45
6.3	17.45	25.8
6.35	17.8	26.15
6.4	18.15	26.5
6.45	18.5	26.85
6.5	18.85	27.2
6.55	19.2	27.55
6.6	19.55	27.9
6.65	19.9	28.25
6.7	20.25	28.6
6.75	20.6	28.95
6.8	20.95	29.3
6.85	21.3	29.65
6.9	21.65	30.0
6.95	22.0	30.35
7.0	22.4	30.7
7.05	22.8	31.05
7.1	23.2	31.4
7.15	23.6	31.75
7.2	24.0	32.1
7.25	24.4	32.45
7.3	24.8	32.8
7.35	25.2	33.15
7.4	25.6	33.55
7.45	26.0	33.95
7.5	26.4	34.35
7.55	26.8	34.75
7.6	27.2	35.15
7.65	27.65	35.55
7.7	28.1	35.95
7.75	28.55	36.35
7.8	29.0	36.75
7.85	29.45	37.15
7.9	29.9	37.55
7.95	30.35	37.95
8.0	30.8	38.35
8.05	31.25	38.75
8.1	31.7	39.2
8.15	32.15	39.65
8.2	32.6	40.1
8.25	33.05	40.55
8.3	33.5	41.0
8.35	33.95	41.45
8.4	34.4	41.95
8.45	34.85	42.45
8.5	35.3	42.95
8.55	35.75	43.45
8.6	36.25	43.95
8.65	36.75	44.45
8.7	37.25	44.95
8.75	37.75	45.45
8.8	38.25	45.95
8.85	38.75	46.45
8.9	39.25	46.95
8.95	39.75	47.45
9.0	40.25	47.95
9.05	40.75	48.45
9.1	41.25	48.95
9.15	41.75	49.45
9.2	42.25	49.95
9.25	42.75	50.45
9.3	43.25	50.95
9.35	43.75	51.45
9.4	44.25	51.95
9.45	44.75	52.45
9.5	45.25	52.95
9.55	45.75	53.45
9.6	46.25	53.95
9.65	46.8	54.45
9.7	47.35	54.95
9.75	47.9	55.45
9.8	48.45	55.95
9.85	49.05	56.45
9.9	49.7	56.95
9.95	50.35	57.45
10.0	51.0	57.95
10.05	51.65	58.45
10.1	52.3	58.95
10.15	53.0	59.45
10.2	53.7	59.95
10.25	54.4	60.45
10.3	55.1	60.95
10.35	55.8	61.45
10.4	48.2	61.95
10.45	48.9	62.45
10.5	49.6	62.95
10.55	50.3	63.45
10.6	51.0	63.95
10.65	51.7	64.45
10.7	52.4	64.95
10.75	53.1	65.5
10.8	53.8	66.05
10.85	54.5	66.6
10.9	55.2	67.15
10.95	55.9	67.7
11.0	56.6	68.25
11.05	57.35	68.8
11.1	58.1	69.35
11.15	58.85	69.9
11.2	59.6	70.45
11.25	60.35	71.0
11.3	61.1	71.55
11.35	61.85	72.1
11.4	62.6	72.65
11.45	63.35	73.2
11.5	64.1	73.75
11.55	64.85	74.35
11.6	65.6	74.95
11.65	66.35	75.55
11.7	67.1	76.15
11.75	67.85	76.75
11.8	68.6	77.35
11.85	69.35	78.0
11.9	70.1	78.65
11.95	70.85	79.3
12.0	71.6	79.95
12.05	72.35	80.6
12.1	73.1	81.25
12.15	73.85	81.9
12.2	74.65	70.75
12.25	75.45	59.7
12.3	76.25	48.8
12.35	77.05	49.35
12.4	77.85	49.9
12.45	78.65	50.45
12.5	79.45	51.0
12.55	80.25	51.55
12.6	81.05	52.1
12.65	81.85	52.65
12.7	82.65	53.2
12.75	83.45	53.75
12.8	84.3	54.3
12.85	85.15	54.85
12.9	86.0	55.4
12.95	86.85	55.95
13.0	87.7	56.5
13.05	88.55	57.05
13.1	89.4	57.6
13.15	90.25	58.15
13.2	91.1	58.7
13.25	91.95	59.25
13.3	92.8	59.8
13.35	93.65	60.35
13.4	94.5	60.9
13.45	95.35	61.45
13.5	96.2	62.0
13.55	97.05	62.55
13.6	97.9	63.1
13.65	98.75	63.65
13.7	99.6	64.2
13.75	100.45	64.75
13.8	101.3	65.3
13.85	102.15	65.85
13.9	103.0	66.4
13.95	103.85	66.95
14.0	104.7	67.5
14.05	105.55	68.05
14.1	106.4	68.6
14.15	107.25	69.15
14.2	108.1	69.7
14.25	108.95	70.25
14.3	109.8	70.8
14.35	110.65	71.35
14.4	111.5	71.9
14.45	112.35	72.45
14.5	113.2	73.0
14.55	114.05	73.55
14.6	114.9	74.1
14.65	115.75	74.65
14.7	116.6	75.2
14.75	117.45	75.75
14.8	118.3	76.3
14.85	119.15	76.85
14.9	120.0	77.4
14.95	120.85	77.95
15.0	121.7	78.5
15.05	122.55	79.05
15.1	123.4	79.6
15.15	124.25	80.15
15.2	125.1	80.7
15.25	125.95	81.25
15.3	126.8	81.8
15.35	127.65	82.35
15.4	128.5	82.9
15.45	129.35	83.45
15.5	130.2	84.0
15.55	131.05	84.55
15.6	131.9	85.1
15.65	132.75	85.65
15.7	133.6	86.2
15.75	134.45	86.75
15.8	135.3	87.3
15.85	136.15	87.85
15.9	137.0	73.5
15.95	137.85	74.0
16.0	138.7	74.5
16.05	139.55	75.0
16.1	140.4	75.5
16.15	141.25	76.0
16.2	142.1	76.5
16.25	142.95	77.0
16.3	143.8	77.5
16.35	144.65	78.0
16.4	145.5	78.5
16.45	146.35	79.0
16.5	147.2	79.5
16.55	148.05	80.0
16.6	148.9	80.5
16.65	149.75	81.0
16.7	150.6	81.5
16.75	151.45	82.0
16.8	152.3	82.5
16.85	153.15	83.0
16.9	154.0	83.55
16.95	154.85	84.1
17.0	155.7	84.65
17.05	156.55	85.2
17.1	157.4	85.75
17.15	158.25	86.3
17.2	159.1	86.85
17.25	145.65	87.4
17.3	132.35	87.95
17.35	119.55	88.5
17.4	133.95	89.05
17.45	121.05	89.6
17.5	121.8	90.15
17.55	122.55	90.7
17.6	123.3	91.25
17.65	124.05	91.8
17.7	124.8	92.35
17.75	125.55	92.9
17.8	126.35	93.45
17.85	127.15	94.0
17.9	127.95	94.55
17.95	128.75	95.1
18.0	129.55	95.65
18.05	130.35	96.2
18.1	131.15	96.75
18.15	131.95	97.35
18.2	132.75	97.95
18.25	133.55	98.55
18.3	134.35	99.15
18.35	135.15	99.8
18.4	135.95	100.45
18.45	136.75	101.15
18.5	137.55	101.85
18.55	138.35	102.55
18.6	139.15	103.25
18.65	139.95	103.95
18.7	140.75	104.7
18.75	141.55	105.45
18.8	142.35	106.2
18.85	143.15	106.95
18.9	143.95	107.7
18.95	144.75	108.45
19.0	145.55	109.2
19.05	146.35	109.95
19.1	147.15	110.7
19.15	147.95	95.65
19.2	148.75	96.35
19.25	149.55	97.05
19.3	150.35	97.75
19.35	151.15	98.45
19.4	151.95	99.15
19.45	152.75	99.85
19.5	153.55	100.55
19.55	154.35	101.25
19.6	155.15	101.95
19.65	155.95	102.65
19.7	156.75	103.35
19.75	157.55	104.05
19.8	158.35	104.75
19.85	159.15	105.45
19.9	159.95	106.15
19.95	160.75	106.85
20.0	161.55	107.55
20.05	162.35	108.25
20.1	163.15	108.95
20.15	163.95	109.65
20.2	164.75	110.35
20.25	165.55	111.05
20.3	166.35	111.75
20.35	167.15	112.45
20.4	167.95	113.15
20.45	168.8	113.85
20.5	169.65	114.55
20.55	170.5	115.25
20.6	171.35	115.95
20.65	172.2	116.65
20.7	173.05	117.35
20.75	173.9	118.05
20.8	174.75	118.75
20.85	175.6	119.45
20.9	176.45	120.15
20.95	177.3	120.85
21.0	178.15	121.55
21.05	179.0	122.25
21.1	179.85	122.95
21.15	180.7	123.65
21.2	181.55	124.35
21.25	182.4	125.1
21.3	183.25	125.85
21.35	184.1	126.6
21.4	184.95	127.35
21.45	185.8	128.1
21.5	186.65	128.85
21.55	187.5	129.6
21.6	188.35	130.35
21.65	189.2	131.1
21.7	190.05	131.85
21.75	190.9	132.6
21.8	191.75	133.35
21.85	192.6	134.1
21.9	193.45	134.85
21.95	194.35	135.6
22.0	195.3	136.35
22.05	196.25	137.1
22.1	197.2	137.85
22.15	198.15	138.6
22.2	199.1	139.35
22.25	200.05	140.1
22.3	201.0	140.85
22.35	201.95	141.6
22.4	202.9	142.35
22.45	203.85	143.1
22.5	204.8	143.85
22.55	205.75	144.6
22.6	206.7	145.35
22.65	207.65	146.1
22.7	208.6	146.85
22.75	209.55	147.6
22.8	210.5	148.35
22.85	211.45	149.1
22.9	212.4	149.85
22.95	213.35	150.6
23.0	214.3	151.35
23.05	215.25	152.15
23.1	216.2	152.95
23.15	217.15	153.75
23.2	218.1	154.55
23.25	219.05	155.35
23.3	220.0	156.15
23.35	220.95	156.95
23.4	221.9	157.75
23.45	222.85	158.55
23.5	223.8	159.35
23.55	224.75	160.15
23.6	225.7	160.95
23.65	226.65	161.75
23.7	227.6	162.55
23.75	228.55	163.35
23.8	229.5	164.15
23.85	230.45	164.95
23.9	231.45	165.75
23.95	232.45	166.55
24.0	233.45	167.35
24.05	234.45	168.15
24.1	235.5	168.95
24.15	236.55	169.75
24.2	237.6	170.55
24.25	238.65	171.35
24.3	239.7	172.15
24.35	240.75	172.95
24.4	241.8	173.75
24.45	242.85	174.55
24.5	243.9	175.4
24.55	244.95	176.25
24.6	246.0	177.1
24.65	247.05	177.95
24.7	248.1	178.8
24.75	249.15	179.65
24.8	250.2	180.5
24.85	251.25	181.35
24.9	252.3	182.2
24.95	253.35	183.05
25.0	254.4	183.9
25.05	255.45	184.75
25.1	256.5	185.6
25.15	257.55	186.45
25.2	258.6	187.3
25.25	259.65	188.15
25.3	260.7	189.0
25.35	261.75	189.85
25.4	262.8	190.7
25.45	263.85	191.55
25.5	264.9	192.4
25.55	266.0	193.25
25.6	267.1	194.1
25.65	268.2	194.95
25.7	247.7	195.8
25.75	248.75	196.7
25.8	229.05	197.6
25.85	209.8	198.5
25.9	231.05	199.4
25.95	232.05	200.3
26.0	212.65	201.2
26.05	176.05	202.1
26.1	214.55	203.0
26.15	215.5	203.9
26.2	197.2	204.8
26.25	179.45	205.7
26.3	162.55	206.6
26.35	146.6	207.5
26.4	147.35	208.4
26.45	148.1	209.3
26.5	183.7	210.2
26.55	149.6	211.1
26.6	150.35	212.0
26.65	151.1	212.9
26.7	151.85	213.8
26.75	152.6	214.7
26.8	153.35	215.6
26.85	154.1	216.5
26.9	154.85	217.4
26.95	155.6	218.3
27.0	156.35	219.2
27.05	157.1	220.1
27.1	157.85	221.0
27.15	158.6	221.9
27.2	159.35	222.8
27.25	160.1	223.7
27.3	160.85	224.6
27.35	161.6	225.5
27.4	162.35	226.4
27.45	163.1	227.3
27.5	163.85	228.2
27.55	164.6	229.1
27.6	165.35	230.0
27.65	166.15	230.9
27.7	166.95	231.8
27.75	167.75	232.7
27.8	168.55	233.6
27.85	169.35	234.5
27.9	170.15	235.4
27.95	170.95	236.3
28.0	171.75	237.2
28.05	172.55	238.1
28.1	173.4	239.0
28.15	174.3	239.9
28.2	175.2	240.8
28.25	176.1	241.7
28.3	177.0	242.6
28.35	177.9	243.5
28.4	178.8	244.4
28.45	179.7	245.3
28.5	180.6	246.2
28.55	181.5	247.15
28.6	182.4	248.1
28.65	183.3	249.05
28.7	184.2	250.0
28.75	185.1	250.95
28.8	186.0	251.9
28.85	186.9	252.9
28.9	187.8	253.9
28.95	188.7	254.9
29.0	189.6	255.9
29.05	190.5	256.9
29.1	191.4	257.95
29.15	192.3	259.0
29.2	193.2	260.05
29.25	194.1	261.1
29.3	195.0	262.15
29.35	195.9	263.2
29.4	196.8	264.25
29.45	197.7	265.3
29.5	198.6	242.9
29.55	199.5	220.5
29.6	200.4	221.45
29.65	201.3	222.4
29.7	202.2	223.35
29.75	203.1	180.2
29.8	204.0	202.8
29.85	204.9	203.7
29.9	205.8	182.8
29.95	206.7	124.4
30.0	207.6	162.95
30.05	208.5	144.45
30.1	209.4	126.65
30.15	210.35	127.4
30.2	211.3	146.85
30.25	212.25	128.9
30.3	213.2	168.05
30.35	214.15	149.25
30.4	215.1	131.15
30.45	216.1	131.9
30.5	217.1	132.65
30.55	218.1	114.65
30.6	219.1	83.2
30.65	220.1	83.8
30.7	221.1	98.25
30.75	222.1	85.0
30.8	223.1	85.6
30.85	224.1	86.25
30.9	225.1	86.9
30.95	226.1	87.55
31.0	227.1	88.2
31.05	228.1	88.85
31.1	229.1	89.5
31.15	230.1	90.15
31.2	231.1	90.8
31.25	232.1	91.45
31.3	233.1	92.1
31.35	234.1	92.75
31.4	235.1	93.4
31.45	236.1	94.05
31.5	237.1	94.7
31.55	238.1	95.35
31.6	239.1	96.0
31.65	240.1	96.65
31.7	241.1	97.3
31.75	242.1	97.95
31.8	243.1	98.6
31.85	244.1	99.25
31.9	245.1	99.9
31.95	246.1	100.55
32.0	247.15	101.2
32.05	248.2	101.85
32.1	249.25	102.5
32.15	250.3	103.15
32.2	251.35	103.85
32.25	252.4	104.55
32.3	253.45	105.25
32.35	254.5	105.95
32.4	255.55	106.65
32.45	256.6	107.35
32.5	257.65	108.05
32.55	258.7	108.75
32.6	259.75	109.45
32.65	260.8	110.15
32.7	261.85	110.85
32.75	262.9	111.55
32.8	263.95	112.25
32.85	265.0	112.95
32.9	266.05	113.65
32.95	267.1	114.35
33.0	268.15	115.05
33.05	269.2	115.75
33.1	270.25	116.45
33.15	271.3	117.15
33.2	272.35	117.85
33.25	273.4	118.55
33.3	274.5	119.25
33.35	275.6	119.95
33.4	276.7	120.65
33.45	277.8	121.35
33.5	278.95	122.05
33.55	280.1	122.75
33.6	281.25	123.45
33.65	282.4	124.15
33.7	283.55	124.85
33.75	284.7	125.55
33.8	285.85	126.25
33.85	287.0	126.95
33.9	288.15	127.65
33.95	265.15	128.35
34.0	266.25	129.05
34.05	243.15	129.75
34.1	268.45	130.45
34.15	221.25	131.15
34.2	246.45	131.85
34.25	223.45	132.6
34.3	248.75	133.35
34.35	225.7	134.1
34.4	226.85	134.85
34.45	228.0	135.6
34.5	229.15	136.35
34.55	230.3	137.1
34.6	231.45	137.85
34.65	232.6	138.6
34.7	233.75	139.35
34.75	234.9	140.1
34.8	236.05	140.85
34.85	237.2	141.6
34.9	238.35	142.35
34.95	239.5	143.1
35.0	216.05	143.85
35.05	193.1	144.6
35.1	218.25	145.35
35.15	195.2	146.1
35.2	196.3	146.85
35.25	174.3	147.6
35.3	198.5	148.35
35.35	176.4	149.1
35.4	177.45	149.85
35.45	178.5	150.6
35.5	179.55	151.35
35.55	157.8	152.1
35.6	140.4	152.85
35.65	123.45	153.6
35.7	142.3	154.35
35.75	143.25	155.1
35.8	110.75	155.85
35.85	111.6	156.6
35.9	112.45	157.35
35.95	113.3	158.15
36.0	114.15	158.95
36.05	115.0	159.75
36.1	115.85	160.55
36.15	116.7	161.35
36.2	117.55	162.15
36.25	118.4	162.95
36.3	119.25	163.75
36.35	120.1	164.55
36.4	120.95	165.35
36.45	121.8	166.15
36.5	122.65	166.95
36.55	123.5	167.75
36.6	124.35	168.55
36.65	125.2	169.35
36.7	126.05	170.15
36.75	126.9	170.95
36.8	127.75	171.8
36.85	128.6	172.65
36.9	129.45	173.5
36.95	130.3	174.35
37.0	131.15	175.2
37.05	132.0	176.05
37.1	132.85	176.9
37.15	133.7	177.75
37.2	134.55	178.6
37.25	135.4	179.45
37.3	136.25	180.3
37.35	137.1	181.15
37.4	137.95	182.0
37.45	138.8	182.85
37.5	139.65	183.75
37.55	140.5	184.65
37.6	141.35	185.55
37.65	142.2	186.45
37.7	143.05	187.35
37.75	143.9	188.3
37.8	144.75	189.25
37.85	145.6	190.2
37.9	146.45	191.15
37.95	147.3	192.1
38.0	148.15	193.05
38.05	149.0	194.05
38.1	149.85	195.05
38.15	150.7	196.05
38.2	151.55	197.1
38.25	152.4	198.15
38.3	153.25	199.2
38.35	154.1	200.25
38.4	154.95	201.3
38.45	155.8	202.35
38.5	156.65	203.4
38.55	157.5	204.45
38.6	158.35	205.5
38.65	159.2	206.55
38.7	160.05	207.6
38.75	160.9	208.65
38.8	161.75	209.75
38.85	162.6	210.85
38.9	163.45	211.95
38.95	164.3	213.05
39.0	165.15	214.15
39.05	166.0	215.25
39.1	166.85	216.4
39.15	167.7	217.55
39.2	168.55	218.7
39.25	169.4	219.85
39.3	170.25	221.0
39.35	171.1	222.15
39.4	171.95	223.3
39.45	172.8	224.45
39.5	173.65	225.6
39.55	174.5	226.75
39.6	175.35	227.9
39.65	176.2	229.05
39.7	177.05	230.2
39.75	177.9	231.35
39.8	178.75	232.5
39.85	179.6	233.65
39.9	180.45	234.8
39.95	181.3	235.95
40.0	182.15	237.1
40.05	183.0	238.3
40.1	183.85	239.5
40.15	184.7	240.7
40.2	185.55	241.9
40.25	186.4	243.15
40.3	187.25	244.4
40.35	188.1	245.65
40.4	188.95	246.9
40.45	189.8	248.15
40.5	190.65	249.4
40.55	191.5	250.65
40.6	192.35	251.9
40.65	193.2	253.15
40.7	194.05	254.4
40.75	194.9	255.65
40.8	195.75	256.9
40.85	196.6	258.15
40.9	197.45	259.4
40.95	198.3	260.65
41.0	199.15	261.95
41.05	200.0	263.25
41.1	200.85	264.55
41.15	201.7	265.85
41.2	202.55	267.15
41.25	203.4	268.45
41.3	204.25	269.75
41.35	205.1	271.05
41.4	205.95	272.35
41.45	206.8	273.65
41.5	207.65	274.95
41.55	208.5	276.25
41.6	209.35	277.55
41.65	210.2	278.85
41.7	211.05	280.15
41.75	211.9	281.45
41.8	212.75	282.75
41.85	213.6	284.05
41.9	214.45	285.35
41.95	215.35	286.7
42.0	216.25	288.05
42.05	217.15	241.7
42.1	218.05	266.75
42.15	218.95	268.05
42.2	219.85	245.5
42.25	220.75	222.95
42.3	221.65	248.15
42.35	222.55	225.55
42.4	223.45	226.85
42.45	224.35	204.35
42.5	225.25	229.45
42.55	226.15	206.85
42.6	227.05	208.1
42.65	227.95	187.9
42.7	228.85	210.6
42.75	229.75	190.3
42.8	230.65	191.5
42.85	231.55	192.7
42.9	232.45	193.9
42.95	233.35	195.1
43.0	234.25	196.3
43.05	235.15	197.5
43.1	236.05	198.75
43.15	236.95	200.0
43.2	237.85	201.25
43.25	238.75	202.5
43.3	239.65	203.75
43.35	240.55	205.0
43.4	241.45	206.25
43.45	242.4	207.5
43.5	243.35	208.75
43.55	244.3	210.05
43.6	245.25	211.35
43.65	246.2	212.65
43.7	247.15	213.95
43.75	248.1	215.25
43.8	249.05	216.55
43.85	250.0	217.85
43.9	250.95	219.15
43.95	251.9	220.45
44.0	252.9	221.75
44.05	253.9	223.05
44.1	254.9	224.35
44.15	255.9	225.65
44.2	256.9	226.95
44.25	257.9	228.25
44.3	258.9	208.25
44.35	259.9	209.5
44.4	260.9	210.75
44.45	261.9	192.0
44.5	262.9	174.4
44.55	263.9	175.55
44.6	264.95	176.7
44.65	266.0	130.25
44.7	267.05	162.85
44.75	268.1	148.05
44.8	269.15	133.4
44.85	270.2	150.25
44.9	271.25	135.5
44.95	272.35	136.55
45.0	273.45	137.6
45.05	274.55	138.65
45.1	275.65	139.7
45.15	276.75	140.75
45.2	277.85	141.8
45.25	278.95	142.85
45.3	280.05	143.9
45.35	281.15	144.95
45.4	282.25	146.0
45.45	283.35	147.05
45.5	284.45	148.1
45.55	285.55	149.15
45.6	286.65	150.2
45.65	287.75	151.25
45.7	288.85	152.3
45.75	289.95	153.35
45.8	291.05	154.4
45.85	292.15	155.45
45.9	293.25	156.5
45.95	294.35	157.55
46.0	295.45	158.6
46.05	296.6	159.65
46.1	297.75	160.7
46.15	298.9	161.75
46.2	300.05	162.8
46.25	301.2	163.85
46.3	302.35	164.9
46.35	303.5	165.95
46.4	304.65	167.05
46.45	305.8	168.15
46.5	306.95	169.25
46.55	308.1	170.35
46.6	309.25	171.45
46.65	310.4	172.55
46.7	311.55	173.65
46.75	312.7	174.75
46.8	313.85	175.85
46.85	315.0	176.95
46.9	316.15	178.05
46.95	317.3	179.15
47.0	318.45	180.25
47.05	319.6	181.35
47.1	320.75	182.45
47.15	321.9	183.6
47.2	323.05	184.75
47.25	324.2	185.9
47.3	325.35	187.05
47.35	326.5	188.2
47.4	327.65	189.35
47.45	303.25	190.5
47.5	278.8	191.65
47.55	305.45	192.8
47.6	280.9	193.95
47.65	281.95	195.1
47.7	283.0	196.25
47.75	284.05	197.4
47.8	285.1	198.55
47.85	286.15	199.7
47.9	287.2	200.85
47.95	288.25	202.0
48.0	289.3	203.15
48.05	266.15	204.3
48.1	267.15	205.5
48.15	268.15	206.7
48.2	269.15	207.9
48.25	223.2	209.1
48.3	246.9	210.3
48.35	225.0	211.5
48.4	225.9	212.7
48.45	185.55	213.9
48.5	227.7	215.1
48.55	207.65	216.3
48.6	208.5	217.5
48.65	188.75	218.7
48.7	210.2	219.9
48.75	190.35	221.1
48.8	191.15	222.3
48.85	191.95	223.5
48.9	171.95	224.7
48.95	172.7	225.9
49.0	173.45	227.1
49.05	174.2	228.3
49.1	174.95	229.5
49.15	175.7	230.7
49.2	176.45	231.9
49.25	177.2	233.1
49.3	158.75	234.3
49.35	159.45	235.5
49.4	141.15	236.7
49.45	141.8	237.9
49.5	124.9	239.1
49.55	125.5	240.3
49.6	126.1	241.5
49.65	110.3	242.7
49.7	110.85	243.9
49.75	95.1	245.1
49.8	95.6	246.3
49.85	96.1	247.5
49.9	96.6	248.7
49.95	97.1	249.9
50.0	97.65	251.1
50.05	98.2	252.3
50.1	98.75	253.5
50.15	99.3	254.7
50.2	99.85	255.9
50.25	100.4	257.1
50.3	100.95	258.3
50.35	101.5	259.5
50.4	102.05	260.7
50.45	102.6	261.95
50.5	103.15	263.2
50.55	103.7	264.45
50.6	104.25	265.7
50.65	104.8	266.95
50.7	105.35	268.2
50.75	105.9	269.45
50.8	106.45	270.7
50.85	107.0	271.95
50.9	107.55	273.2
50.95	108.1	274.45
51.0	108.65	275.7
51.05	109.25	276.95
51.1	109.85	278.2
51.15	110.45	279.45
51.2	111.05	280.7
51.25	111.65	281.95
51.3	112.25	283.2
51.35	112.85	284.45
51.4	113.45	285.75
51.45	114.05	287.05
51.5	114.65	288.35
51.55	115.25	289.65
51.6	115.85	290.95
51.65	116.45	292.25
51.7	117.05	293.55
51.75	117.65	294.85
51.8	118.3	296.15
51.85	118.95	297.45
51.9	119.6	298.75
51.95	120.25	300.05
52.0	120.9	301.35
52.05	121.55	302.65
52.1	122.2	303.95
52.15	122.85	305.25
52.2	123.5	306.55
52.25	124.15	307.85
52.3	124.8	309.15
52.35	125.45	310.5
52.4	126.1	311.85
52.45	126.75	313.2
52.5	127.4	314.6
52.55	128.05	316.0
52.6	128.75	317.4
52.65	129.45	318.8
52.7	130.15	320.2
52.75	130.85	321.6
52.8	131.55	323.0
52.85	132.25	324.4
52.9	132.95	325.8
52.95	133.65	327.2
53.0	134.4	328.6
53.05	135.15	330.0
53.1	135.9	331.4
53.15	136.65	332.8
53.2	137.4	334.2
53.25	138.15	335.6
53.3	138.9	337.0
53.35	139.65	338.4
53.4	140.4	339.8
53.45	141.15	341.2
53.5	141.9	342.6
53.55	142.65	344.0
53.6	143.4	345.4
53.65	144.15	346.8
53.7	144.9	348.2
53.75	145.65	349.6
53.8	146.4	351.0
53.85	147.15	352.4
53.9	147.9	353.8
53.95	148.65	355.2
54.0	149.4	356.6
54.05	150.15	358.05
54.1	150.9	359.5
54.15	151.65	360.95
54.2	152.4	362.4
54.25	153.15	363.85
54.3	153.9	365.3
54.35	154.65	366.75
54.4	155.4	368.25
54.45	156.15	369.75
54.5	156.9	371.25
54.55	157.65	372.75
54.6	158.4	374.25
54.65	159.15	375.75
54.7	159.9	377.25
54.75	160.65	378.75
54.8	161.45	380.3
54.85	162.25	381.85
54.9	163.05	358.35
54.95	163.85	359.85
55.0	164.65	361.35
55.05	165.45	362.85
55.1	166.25	364.35
55.15	167.05	365.85
55.2	167.85	367.35
55.25	168.65	368.85
55.3	169.45	370.35
55.35	170.25	371.85
55.4	171.05	373.35
55.45	171.85	374.85
55.5	172.65	376.35
55.55	173.45	377.85
55.6	174.25	379.35
55.65	175.05	380.85
55.7	175.85	382.35
55.75	176.65	383.85
55.8	177.45	385.35
55.85	178.3	386.85
55.9	179.15	363.25
55.95	180.0	364.7
56.0	180.85	366.15
56.05	181.7	343.7
56.1	182.55	345.1
56.15	183.4	346.5
56.2	184.25	325.9
56.25	185.1	349.3
56.3	185.95	308.2
56.35	186.85	309.5
56.4	187.75	331.3
56.45	188.65	312.1
56.5	189.55	293.65
56.55	190.45	314.7
56.6	191.35	296.15
56.65	192.25	297.4
56.7	193.15	298.65
56.75	194.05	299.9
56.8	194.95	281.8
56.85	195.85	263.85
56.9	196.75	265.0
56.95	197.65	266.15
57.0	198.55	286.6
57.05	199.45	268.45
57.1	200.35	269.6
57.15	201.25	251.6
57.2	202.15	233.65
57.25	203.1	234.7
57.3	204.05	254.9
57.35	205.05	256.0
57.4	206.05	237.85
57.45	207.05	238.9
57.5	208.05	239.95
57.55	209.05	241.0
57.6	210.05	242.05
57.65	211.05	243.1
57.7	212.05	244.15
57.75	213.05	245.2
57.8	214.05	246.25
57.85	215.05	247.3
57.9	216.05	248.35
57.95	217.05	249.4
58.0	218.05	250.45
58.05	219.05	251.5
58.1	220.05	252.55
58.15	221.05	253.6
58.2	222.05	254.65
58.25	223.05	255.7
58.3	224.05	256.75
58.35	225.05	257.8
58.4	226.05	258.85
58.45	227.05	259.9
58.5	228.1	260.95
58.55	229.15	262.0
58.6	230.2	263.05
58.65	231.25	264.1
58.7	207.75	265.15
58.75	184.2	266.2
58.8	209.85	267.25
58.85	186.2	268.3
58.9	138.85	269.35
58.95	188.2	270.4
59.0	164.5	271.45
59.05	141.55	272.5
59.1	166.4	273.55
59.15	143.35	274.6
59.2	144.25	275.65
59.25	145.2	276.7
59.3	146.15	277.75
59.35	129.65	278.8
59.4	148.05	279.85
59.45	131.45	280.95
59.5	116.25	282.05
59.55	133.25	283.15
59.6	117.95	284.25
59.65	103.1	285.35
59.7	119.65	286.45
59.75	104.7	287.55
59.8	105.5	288.65
59.85	76.05	289.8
59.9	91.75	290.95
59.95	77.45	292.1
60.0	93.25	293.25
60.05	94.0	294.4
60.1	79.55	295.55
60.15	66.1	296.7
60.2	66.75	297.85
60.25	57.1	299.0
60.3	82.35	300.15
60.35	68.7	301.3
60.4	69.35	302.45
60.45	59.5	303.6
60.5	60.1	304.75
60.55	60.7	305.9
60.6	51.7	307.05
60.65	52.25	308.2
60.7	52.8	309.35
60.75	53.35	310.5
60.8	53.9	311.65
60.85	54.45	312.85
60.9	55.0	314.05
60.95	55.55	315.25
61.0	56.1	316.45
61.05	56.65	317.65
61.1	57.25	318.85
61.15	57.85	320.1
61.2	58.45	321.35
61.25	59.05	322.6
61.3	59.65	323.85
61.35	60.25	325.1
61.4	60.9	326.35
61.45	61.55	327.6
61.5	62.2	328.85
61.55	62.85	330.15
61.6	63.5	331.45
61.65	64.15	332.8
61.7	64.8	334.15
61.75	65.45	335.5
61.8	66.1	336.85
61.85	66.75	338.2
61.9	67.4	339.55
61.95	68.05	340.9
62.0	68.7	342.25
62.05	69.35	343.6
62.1	70.0	344.95
62.15	70.65	346.3
62.2	71.3	347.7
62.25	71.95	349.1
62.3	72.6	350.5
62.35	73.25	351.9
62.4	73.9	353.3
62.45	74.55	354.7
62.5	75.2	356.1
62.55	75.9	357.5
62.6	76.6	358.9
62.65	77.3	360.3
62.7	78.0	361.7
62.75	78.7	363.1
62.8	79.4	364.55
62.85	80.1	366.0
62.9	80.8	367.45
62.95	81.5	368.9
63.0	82.2	370.35
63.05	61.1	371.8
63.1	72.25	373.25
63.15	62.3	374.7
63.2	62.9	376.15
63.25	63.5	377.6
63.3	64.1	379.05
63.35	64.7	380.5
63.4	65.3	381.95
63.45	65.9	383.4
63.5	66.5	384.85
63.55	67.1	386.3
63.6	67.7	387.75
63.65	68.3	389.2
63.7	68.9	390.65
63.75	69.5	392.1
63.8	70.1	393.55
63.85	70.7	345.1
63.9	71.3	371.3
63.95	71.9	372.7
64.0	72.5	349.15
64.05	73.1	326.45
64.1	73.7	327.8
64.15	74.3	353.3
64.2	74.9	330.5
64.25	75.5	307.8
64.3	76.1	285.75
64.35	76.7	287.0
64.4	77.3	335.9
64.45	77.9	313.0
64.5	78.5	290.75
64.55	79.1	292.0
64.6	79.7	248.1
64.65	80.3	249.25
64.7	80.9	272.95
64.75	81.55	251.55
64.8	82.2	252.7
64.85	82.85	253.85
64.9	83.5	277.75
64.95	84.15	256.15
65.0	84.8	257.3
65.05	85.45	235.65
65.1	86.15	236.75
65.15	86.85	237.85
65.2	87.6	238.95
65.25	88.35	240.05
65.3	89.1	241.15
65.35	89.85	242.25
65.4	90.6	243.35
65.45	91.35	244.45
65.5	92.1	245.55
65.55	92.85	246.65
65.6	93.6	247.75
65.65	94.35	248.85
65.7	95.1	249.95
65.75	95.85	251.05
65.8	96.6	252.15
65.85	97.35	253.25
65.9	98.1	254.35
65.95	98.85	255.45
66.0	99.6	256.55
66.05	100.35	257.65
66.1	101.1	258.75
66.15	101.85	259.85
66.2	102.6	260.95
66.25	103.35	262.05
66.3	104.1	263.15
66.35	104.85	264.25
66.4	105.6	265.35
66.45	106.35	266.45
66.5	107.1	267.55
66.55	107.85	268.65
66.6	83.1	269.75
66.65	83.75	270.9
66.7	84.4	272.05
66.75	85.05	273.2
66.8	85.7	274.35
66.85	86.35	275.5
66.9	87.0	276.65
66.95	87.65	277.8
67.0	88.3	255.0
67.05	88.95	256.1
67.1	89.6	211.15
67.15	90.3	234.65
67.2	91.0	213.15
67.25	91.7	236.75
67.3	92.4	215.2
67.35	93.1	195.25
67.4	93.8	196.25
67.45	94.5	197.25
67.5	95.2	158.4
67.55	95.9	199.25
67.6	96.6	179.75
67.65	97.3	201.25
67.7	98.0	181.65
67.75	98.7	162.9
67.8	99.4	163.8
67.85	100.1	164.7
67.9	100.8	131.55
67.95	101.5	148.95
68.0	102.2	133.15
68.05	102.9	168.3
68.1	103.6	151.5
68.15	104.3	135.55
68.2	105.0	120.5
68.25	105.75	121.3
68.3	106.5	122.15
68.35	107.25	123.0
68.4	108.0	93.5
68.45	108.8	140.85
68.5	109.6	125.55
68.55	110.4	126.4
68.6	111.2	111.1
68.65	112.0	97.25
68.7	112.8	69.7
68.75	113.6	70.35
68.8	114.4	71.0
68.85	115.2	100.25
68.9	116.0	101.0
68.95	116.8	72.95
69.0	117.6	73.6
69.05	118.4	74.25
69.1	119.2	74.9
69.15	120.0	75.55
69.2	120.8	76.2
69.25	121.6	76.85
69.3	122.4	77.5
69.35	123.2	78.15
69.4	124.0	78.8
69.45	124.8	79.45
69.5	125.6	80.1
69.55	126.4	80.8
69.6	127.2	81.5
69.65	128.0	82.2
69.7	128.8	82.9
69.75	129.6	83.6
69.8	130.4	84.3
69.85	131.2	85.0
69.9	132.0	85.7
69.95	132.8	86.4
70.0	133.6	87.1
70.05	134.4	87.8
70.1	135.2	88.5
70.15	136.0	89.2
70.2	136.8	89.9
70.25	137.6	90.6
70.3	138.4	91.3
70.35	139.2	92.0
70.4	140.0	92.7
70.45	140.85	93.4
70.5	141.7	94.1
70.55	142.55	94.8
70.6	143.4	95.5
70.65	144.25	96.2
70.7	145.15	96.9
70.75	146.05	97.6
70.8	146.95	98.3
70.85	147.85	99.0
70.9	148.75	99.7
70.95	149.65	100.4
71.0	150.55	101.1
71.05	151.45	101.8
71.1	152.35	102.5
71.15	153.25	103.2
71.2	154.15	103.95
71.25	155.05	104.7
71.3	155.95	105.45
71.35	156.85	106.2
71.4	157.75	106.95
71.45	158.65	107.7
71.5	159.55	108.45
71.55	160.45	109.2
71.6	161.35	109.95
71.65	162.25	110.7
71.7	163.15	111.45
71.75	164.05	112.2
71.8	164.95	112.95
71.85	165.9	113.7
71.9	166.85	114.5
71.95	167.8	115.3
72.0	168.75	116.1
72.05	169.7	116.9
72.1	170.65	117.7
72.15	171.6	118.5
72.2	172.55	119.3
72.25	173.5	120.1
72.3	174.45	120.9
72.35	175.4	121.7
72.4	176.35	122.5
72.45	177.3	123.3
72.5	178.25	124.1
72.55	179.2	124.9
72.6	180.15	125.7
72.65	181.1	126.5
72.7	182.05	127.3
72.75	166.05	128.1
72.8	166.95	128.9
72.85	151.3	129.7
72.9	152.2	130.5
72.95	137.35	131.3
73.0	138.2	132.1
73.05	139.05	132.9
73.1	139.9	133.7
73.15	140.75	134.5
73.2	141.65	135.3
73.25	142.55	136.1
73.3	143.45	136.9
73.35	144.35	137.7
73.4	145.25	138.5
73.45	146.15	139.3
73.5	130.85	140.1
73.55	101.7	140.9
73.6	102.45	141.7
73.65	118.2	142.5
73.7	103.95	143.3
73.75	104.7	144.1
73.8	105.45	144.9
73.85	106.2	145.7
73.9	106.95	146.5
73.95	107.7	147.3
74.0	108.45	148.1
74.05	109.2	148.9
74.1	109.95	149.7
74.15	110.7	150.5
74.2	111.45	151.3
74.25	112.2	152.1
74.3	112.95	152.9
74.35	113.7	153.7
74.4	114.45	154.5
74.45	115.2	155.3
74.5	115.95	156.1
74.55	116.7	156.9
74.6	117.5	157.7
74.65	118.3	158.5
74.7	119.1	159.3
74.75	119.9	160.1
74.8	120.7	160.9
74.85	121.5	161.75
74.9	122.3	162.6
74.95	123.1	163.45
75.0	123.95	164.3
75.05	124.8	165.15
75.1	125.65	166.0
75.15	126.5	166.85
75.2	127.35	167.7
75.25	128.2	168.55
75.3	129.05	169.4
75.35	129.9	170.25
75.4	130.75	171.1
75.45	131.6	171.95
75.5	132.45	172.8
75.55	133.3	173.65
75.6	134.15	174.55
75.65	135.0	175.45
75.7	135.85	176.35
75.75	136.7	177.25
75.8	137.55	178.15
75.85	138.4	179.05
75.9	139.25	179.95
75.95	140.1	180.85
76.0	140.95	181.75
76.05	141.8	182.65
76.1	142.65	166.85
76.15	143.5	167.7
76.2	144.35	152.15
76.25	145.2	152.95
76.3	146.05	153.75
76.35	146.9	154.55
76.4	147.75	155.35
76.45	148.6	156.2
76.5	149.45	157.05
76.55	150.3	157.9
76.6	151.15	158.75
76.65	152.0	159.6
76.7	152.85	160.5
76.75	136.15	161.4
76.8	121.2	162.3
76.85	137.75	163.2
76.9	122.7	164.1
76.95	123.45	165.0
77.0	124.2	165.9
77.05	124.95	166.8
77.1	125.7	167.7
77.15	126.5	168.65
77.2	127.3	169.6
77.25	128.1	170.55
77.3	128.9	171.5
77.35	129.7	172.45
77.4	130.5	173.4
77.45	131.3	174.35
77.5	132.1	175.3
77.55	132.9	176.25
77.6	133.7	177.25
77.65	134.5	178.25
77.7	135.3	179.3
77.75	136.1	180.35
77.8	136.9	181.4
77.85	137.7	182.45
77.9	138.5	183.5
77.95	139.3	184.55
78.0	140.1	185.6
78.05	140.9	186.65
78.1	141.7	187.7
78.15	142.5	188.75
78.2	143.3	189.8
78.25	144.1	190.85
78.3	127.95	191.9
78.35	128.7	192.95
78.4	129.45	194.0
78.45	130.2	195.05
78.5	130.95	196.1
78.55	131.7	197.15
78.6	132.45	198.2
78.65	133.2	199.25
78.7	133.95	200.3
78.75	134.7	201.35
78.8	135.45	202.4
78.85	136.2	203.45
78.9	136.95	204.5
78.95	137.7	205.55
79.0	138.45	206.6
79.05	139.2	207.65
79.1	139.95	208.7
79.15	140.7	209.75
79.2	141.45	210.8
79.25	142.2	211.85
79.3	142.95	212.9
79.35	143.7	213.95
79.4	144.45	215.05
79.45	145.2	216.15
79.5	145.95	217.25
79.55	146.7	218.35
79.6	147.45	219.45
79.65	148.2	220.55
79.7	148.95	221.65
79.75	149.7	222.75
79.8	150.45	223.85
79.85	151.2	224.95
79.9	151.95	226.05
79.95	152.7	227.15
80.0	153.45	209.05
80.05	154.2	210.1
80.1	154.95	192.15
80.15	155.7	193.15
80.2	156.45	175.45
80.25	157.2	176.4
80.3	157.95	158.65
80.35	158.7	159.55
80.4	159.45	124.55
80.45	160.2	143.05
80.5	160.95	126.15
80.55	161.7	126.95
80.6	162.45	111.2
80.65	163.2	111.95
80.7	163.95	98.6
80.75	164.7	85.85
80.8	165.45	100.1
80.85	166.2	87.25
80.9	166.95	87.95
80.95	167.7	102.35
81.0	168.45	89.35
81.05	169.2	103.85
81.1	169.95	90.75
81.15	170.7	91.45
81.2	171.45	92.15
81.25	172.2	92.85
81.3	172.95	93.55
81.35	173.7	94.25
81.4	174.45	94.95
81.45	175.2	95.65
81.5	175.95	96.35
81.55	176.75	97.05
81.6	177.55	97.75
81.65	178.35	98.45
81.7	179.15	99.15
81.75	179.95	99.85
81.8	180.75	100.55
81.85	181.55	101.25
81.9	182.35	101.95
81.95	183.15	102.65
82.0	183.95	103.35
82.05	184.75	104.05
82.1	185.55	104.75
82.15	186.4	105.45
82.2	187.25	106.15
82.25	188.1	106.85
82.3	188.95	107.55
82.35	189.8	108.25
82.4	190.65	108.95
82.45	191.5	109.65
82.5	192.35	110.35
82.55	193.2	111.05
82.6	194.05	111.75
82.65	194.95	112.45
82.7	195.85	113.15
82.75	196.75	113.85
82.8	197.65	114.55
82.85	198.55	115.25
82.9	199.45	115.95
82.95	200.35	116.65
83.0	201.25	117.35
83.05	202.2	118.1
83.1	203.15	118.85
83.15	204.1	119.6
83.2	205.05	120.35
83.25	206.05	121.15
83.3	207.05	121.95
83.35	208.05	122.75
83.4	209.05	123.55
83.45	210.05	124.35
83.5	211.05	125.15
83.55	212.05	125.95
83.6	213.05	126.75
83.65	214.05	127.55
83.7	215.05	128.35
83.75	216.05	129.15
83.8	217.05	129.95
83.85	218.05	130.8
83.9	219.05	131.65
83.95	220.05	132.5
84.0	221.05	133.35
84.05	222.05	134.2
84.1	223.05	135.05
84.15	224.05	135.9
84.2	225.05	136.75
84.25	226.05	137.6
84.3	227.05	138.45
84.35	228.05	139.3
84.4	229.05	140.15
84.45	230.05	141.0
84.5	231.05	141.85
84.55	232.05	142.7
84.6	233.05	143.55
84.65	234.05	144.4
84.7	235.05	145.25
84.75	236.05	146.1
84.8	237.05	146.95
84.85	238.05	147.8
84.9	239.05	148.65
84.95	240.05	149.5
85.0	241.05	150.35
85.05	242.05	151.2
85.1	243.05	152.05
85.15	244.05	152.9
85.2	245.05	153.75
85.25	246.05	154.6
85.3	247.05	155.45
85.35	248.05	156.3
85.4	249.05	157.15
85.45	250.05	158.0
85.5	251.05	158.85
85.55	252.05	159.7
85.6	253.05	160.6
85.65	254.05	161.5
85.7	255.05	162.4
85.75	256.05	163.3
85.8	257.05	164.2
85.85	258.05	165.1
85.9	259.05	166.0
85.95	260.05	166.9
86.0	261.05	167.8
86.05	262.05	168.7
86.1	263.05	169.6
86.15	264.05	170.5
86.2	265.05	171.4
86.25	266.05	172.3
86.3	267.05	173.2
86.35	268.05	174.1
86.4	269.05	175.0
86.45	270.05	175.9
86.5	271.05	176.8
86.55	272.05	177.7
86.6	273.05	178.6
86.65	274.05	179.5
86.7	275.05	180.4
86.75	276.05	181.3
86.8	277.05	182.2
86.85	278.05	183.1
86.9	279.05	184.0
86.95	280.1	184.9
87.0	281.15	185.8
87.05	282.2	186.7
87.1	283.25	187.6
87.15	284.3	188.5
87.2	285.35	189.4
87.25	286.4	190.3
87.3	287.45	191.2
87.35	288.55	192.1
87.4	289.65	193.0
87.45	290.75	193.9
87.5	291.85	194.8
87.55	292.95	195.7
87.6	294.05	196.6
87.65	295.15	197.5
87.7	296.25	198.4
87.75	297.35	199.3
87.8	298.45	200.2
87.85	299.55	201.1
87.9	300.65	202.0
87.95	301.75	202.9
88.0	302.85	203.8
88.05	303.95	204.7
88.1	305.05	205.6
88.15	306.15	206.5
88.2	307.25	207.4
88.25	308.35	208.3
88.3	309.45	209.2
88.35	284.7	210.1
88.4	285.75	211.0
88.45	263.05	211.9
88.5	264.1	212.8
88.55	241.65	213.7
88.6	266.2	214.6
88.65	267.25	215.5
88.7	268.3	216.4
88.75	245.65	217.3
88.8	246.65	218.2
88.85	202.2	219.15
88.9	224.9	220.1
88.95	204.0	221.05
89.0	204.9	222.0
89.05	227.75	222.95
89.1	185.8	223.9
89.15	165.9	224.85
89.2	208.5	225.8
89.25	167.5	226.75
89.3	189.2	227.7
89.35	169.1	228.65
89.4	169.9	229.6
89.45	151.65	230.55
89.5	171.55	231.5
89.55	153.3	232.45
89.6	135.2	233.4
89.65	136.0	234.35
89.7	136.8	235.3
89.75	137.6	236.25
89.8	138.45	237.2
89.85	139.3	238.15
89.9	140.15	239.1
89.95	141.0	240.05
90.0	141.85	219.15
90.05	142.7	198.25
90.1	143.55	199.1
90.15	144.4	199.95
90.2	145.25	200.85
90.25	146.1	201.75
90.3	146.95	202.65
90.35	147.8	203.55
90.4	148.65	204.45
90.45	149.5	205.35
90.5	150.35	206.25
90.55	151.2	207.15
90.6	152.05	208.05
90.65	152.9	208.95
90.7	153.75	209.85
90.75	154.6	210.75
90.8	155.45	211.65
90.85	156.3	212.55
90.9	157.15	213.45
90.95	158.0	214.35
91.0	158.85	215.25
91.05	159.7	216.15
91.1	160.55	217.05
91.15	161.4	217.95
91.2	162.25	218.85
91.25	163.15	219.75
91.3	164.05	220.65
91.35	164.95	221.55
91.4	165.85	222.45
91.45	166.75	223.35
91.5	167.7	224.25
91.55	148.9	225.15
91.6	149.8	226.05
91.65	150.7	226.95
91.7	132.75	227.9
91.75	97.8	228.85
91.8	115.8	229.8
91.85	82.4	230.75
91.9	100.05	231.7
91.95	83.8	232.65
92.0	84.5	233.6
92.05	85.2	234.55
92.1	85.9	235.55
92.15	86.6	236.55
92.2	87.3	237.55
92.25	88.0	238.55
92.3	88.7	239.55
92.35	89.4	240.6
92.4	90.1	241.65
92.45	90.8	242.7
92.5	91.5	243.75
92.55	92.2	244.8
92.6	92.95	245.85
92.65	93.7	246.9
92.7	94.45	247.95
92.75	95.2	249.0
92.8	95.95	250.05
92.85	96.7	251.1
92.9	97.45	252.15
92.95	98.2	253.2
93.0	98.95	230.75
93.05	99.7	209.85
93.1	100.45	232.75
93.15	101.2	211.75
93.2	101.95	212.7
93.25	102.7	192.25
93.3	103.5	214.6
93.35	104.35	194.05
93.4	105.2	194.95
93.45	106.05	177.2
93.5	106.9	196.75
93.55	107.8	178.9
93.6	108.75	179.75
93.65	109.7	180.65
93.7	110.65	181.55
93.75	111.65	182.45
93.8	112.65	183.35
93.85	113.65	184.25
93.9	114.65	185.15
93.95	115.65	186.05
94.0	116.65	186.95
94.05	117.65	169.35
94.1	118.65	152.5
94.15	119.65	153.3
94.2	120.65	136.55
94.25	121.65	120.15
94.3	122.65	155.7
94.35	123.65	138.8
94.4	124.65	122.25
94.45	125.65	122.95
94.5	126.65	123.65
94.55	127.65	124.35
94.6	128.65	108.0
94.65	129.65	108.65
94.7	130.65	109.3
94.75	131.65	109.95
94.8	132.65	110.65
94.85	133.65	94.15
94.9	134.65	79.25
94.95	135.65	65.6
95.0	136.65	66.15
95.05	119.7	81.05
95.1	120.65	67.25
95.15	121.6	67.85
95.2	122.55	56.25
95.25	123.5	44.8
95.3	124.45	45.35
95.35	125.4	45.9
95.4	126.35	46.45
95.45	127.3	47.0
95.5	128.25	47.55
95.55	129.2	48.1
95.6	130.15	48.65
95.65	131.1	49.2
95.7	132.05	49.75
95.75	118.75	50.3
95.8	119.65	50.85
95.85	106.8	51.4
95.9	107.65	51.95
95.95	95.15	52.5
96.0	82.95	53.05
96.05	83.7	53.65
96.1	84.45	54.25
96.15	85.2	54.85
96.2	85.95	55.45
96.25	86.7	56.05
96.3	87.45	56.65
96.35	88.2	57.25
96.4	88.95	57.85
96.45	89.7	58.45
96.5	90.45	59.05
96.55	91.2	59.65
96.6	91.95	60.25
96.65	92.7	60.85
96.7	93.45	61.45
96.75	94.2	62.05
96.8	94.95	62.7
96.85	95.7	63.4
96.9	96.45	64.1
96.95	97.2	64.8
97.0	97.95	65.5
97.05	98.7	66.2
97.1	99.45	66.9
97.15	100.2	67.6
97.2	100.95	68.3
97.25	101.7	69.0
97.3	102.45	69.7
97.35	103.2	70.4
97.4	103.95	71.1
97.45	104.75	71.8
97.5	105.55	72.5
97.55	106.35	73.25
97.6	107.15	74.0
97.65	107.95	74.75
97.7	108.75	75.5
97.75	109.55	76.25
97.8	110.35	77.0
97.85	111.15	77.75
97.9	111.95	78.5
97.95	112.75	79.25
98.0	113.55	80.05
98.05	114.35	80.85
98.1	115.15	81.65
98.15	115.95	82.45
98.2	116.75	83.25
98.25	117.55	84.05
98.3	118.35	84.85
98.35	119.15	85.65
98.4	119.95	86.45
98.45	120.75	87.25
98.5	121.55	88.05
98.55	122.35	88.85
98.6	123.15	89.65
98.65	123.95	90.45
98.7	124.75	91.25
98.75	125.55	92.05
98.8	126.35	92.85
98.85	127.15	93.65
98.9	127.95	94.45
98.95	128.75	95.25
99.0	129.55	96.05
99.05	130.35	96.85
99.1	131.15	97.65
99.15	131.95	98.45
99.2	132.75	99.25
99.25	133.55	100.05
99.3	134.35	100.85
99.35	135.15	101.65
99.4	136.0	102.45
99.45	136.85	103.25
99.5	137.7	104.1
99.55	138.55	104.95
99.6	139.4	105.8
99.65	140.25	106.65
99.7	141.1	107.5
99.75	141.95	108.35
99.8	142.8	109.2
99.85	143.65	110.05
99.9	144.5	110.9
99.95	145.35	111.75
100.0	146.2	112.6
100.05	147.05	113.45
100.1	147.9	114.3
100.15	148.75	115.15
100.2	149.6	116.0
100.25	150.45	116.85
100.3	151.3	117.7
100.35	152.15	118.55
100.4	153.0	119.4
100.45	153.85	120.25
100.5	154.7	121.1
100.55	155.55	121.95
100.6	156.4	122.8
100.65	157.3	123.65
100.7	158.2	124.5
100.75	159.1	125.4
100.8	160.0	126.3
100.85	160.9	127.2
100.9	161.8	128.1
100.95	162.7	129.05
101.0	163.6	130.05
101.05	164.5	131.05
101.1	165.4	132.05
101.15	166.3	133.05
101.2	167.2	134.05
101.25	168.1	135.05
101.3	169.0	136.05
101.35	169.9	137.05
101.4	170.8	138.05
101.45	171.7	139.05
101.5	172.6	140.05
101.55	173.5	141.05
101.6	174.4	142.05
101.65	175.3	143.05
101.7	176.2	144.05
101.75	177.1	145.05
101.8	178.0	146.05
101.85	178.9	147.05
101.9	179.8	148.05
101.95	180.7	149.05
102.0	181.6	150.05
102.05	182.5	151.05
102.1	183.4	152.05
102.15	184.3	153.05
102.2	185.2	154.05
102.25	186.1	155.05
102.3	187.0	156.05
102.35	187.9	157.05
102.4	188.85	158.1
102.45	189.8	159.15
102.5	190.8	160.2
102.55	191.8	161.25
102.6	192.8	162.3
102.65	193.8	163.35
102.7	194.8	164.4
102.75	195.8	165.45
102.8	196.8	166.5
102.85	197.8	167.55
102.9	198.8	168.6
102.95	199.8	169.65
103.0	200.8	170.7
103.05	201.8	171.75
103.1	202.8	172.8
103.15	203.8	173.85
103.2	204.8	174.9
103.25	205.8	175.95
103.3	206.8	177.0
103.35	207.8	178.05
103.4	208.8	179.1
103.45	209.8	180.15
103.5	210.8	181.2
103.55	211.8	182.25
103.6	212.8	183.3
103.65	213.8	184.35
103.7	214.8	185.4
103.75	215.8	186.45
103.8	216.8	187.5
103.85	217.8	188.55
103.9	218.8	189.6
103.95	219.8	190.65
104.0	220.8	191.7
104.05	221.8	172.5
104.1	222.85	173.5
104.15	223.9	155.9
104.2	224.95	141.45
104.25	226.0	157.8
104.3	227.05	143.25
104.35	228.1	129.95
104.4	229.15	145.05
104.45	230.2	131.65
104.5	231.25	119.65
104.55	232.3	133.35
104.6	233.35	121.25
104.65	234.4	122.05
104.7	235.45	122.85
104.75	236.5	123.65
104.8	237.55	124.45
104.85	238.6	125.25
104.9	239.65	126.05
104.95	240.75	126.85
105.0	241.85	127.65
105.05	221.1	128.45
105.1	222.15	129.25
105.15	223.2	130.05
105.2	224.25	130.85
105.25	225.3	131.65
105.3	226.35	132.45
105.35	227.4	133.25
105.4	228.45	134.05
105.45	229.5	134.85
105.5	230.55	135.65
105.55	231.6	136.45
105.6	232.65	137.25
105.65	233.7	138.05
105.7	234.75	138.9
105.75	235.8	139.75
105.8	236.85	140.6
105.85	237.9	141.45
105.9	238.95	142.3
105.95	240.0	143.15
106.0	241.05	144.0
106.05	242.1	144.85
106.1	243.15	145.7
106.15	244.2	146.55
106.2	245.25	147.4
106.25	246.3	148.25
106.3	247.35	149.1
106.35	248.4	149.95
106.4	249.45	150.8
106.45	250.5	151.65
106.5	251.55	152.5
106.55	252.6	153.35
106.6	253.65	154.2
106.65	254.7	155.05
106.7	255.75	155.9
106.75	256.8	156.75
106.8	257.85	157.6
106.85	258.9	158.45
106.9	259.95	159.3
106.95	261.0	160.2
107.0	262.05	161.1
107.05	263.1	162.0
107.1	264.15	162.9
107.15	265.2	163.8
107.2	266.25	164.7
107.25	267.35	165.6
107.3	268.45	166.5
107.35	269.55	167.4
107.4	270.7	168.3
107.45	271.85	169.2
107.5	273.0	170.1
107.55	274.15	171.0
107.6	275.3	171.9
107.65	276.45	172.8
107.7	277.6	173.7
107.75	278.75	174.6
107.8	279.9	175.5
107.85	281.05	176.4
107.9	282.2	177.3
107.95	283.35	178.2
108.0	284.5	179.1
108.05	285.65	180.0
108.1	286.85	180.9
108.15	288.05	181.8
108.2	289.25	182.7
108.25	290.45	183.6
108.3	291.65	184.5
108.35	292.85	185.45
108.4	294.05	186.4
108.45	295.25	187.35
108.5	296.45	188.3
108.55	297.65	189.25
108.6	298.85	190.2
108.65	300.05	191.15
108.7	301.25	192.1
108.75	302.45	193.05
108.8	303.65	194.0
108.85	304.9	194.95
108.9	306.15	195.9
108.95	307.4	196.85
109.0	308.65	197.8
109.05	309.9	198.8
109.1	311.15	199.8
109.15	312.4	200.8
109.2	313.65	201.8
109.25	314.9	202.8
109.3	316.15	203.8
109.35	317.4	204.8
109.4	318.65	205.8
109.45	319.9	206.8
109.5	321.15	207.8
109.55	322.4	208.8
109.6	323.65	209.8
109.65	324.9	210.8
109.7	326.15	211.8
109.75	327.45	212.8
109.8	328.75	213.8
109.85	330.05	214.8
109.9	331.35	215.8
109.95	332.65	216.8
110.0	333.95	217.8
110.05	335.25	218.85
110.1	336.55	219.9
110.15	337.85	220.95
110.2	339.15	222.0
110.25	340.5	223.05
110.3	341.85	224.1
110.35	343.2	225.15
110.4	344.55	226.2
110.45	345.9	227.25
110.5	347.25	228.35
110.55	348.6	229.45
110.6	349.95	230.55
110.65	351.3	231.65
110.7	352.65	232.75
110.75	354.0	233.85
110.8	355.35	234.95
110.85	356.7	236.05
110.9	358.05	237.15
110.95	359.4	238.25
111.0	360.75	239.35
111.05	362.1	240.45
111.1	363.45	241.55
111.15	364.8	242.65
111.2	366.15	243.75
111.25	367.5	244.85
111.3	368.85	245.95
111.35	370.2	247.05
111.4	371.55	248.15
111.45	372.9	249.25
111.5	374.25	250.35
111.55	375.6	251.45
111.6	376.95	252.55
111.65	378.3	253.65
111.7	379.65	254.75
111.75	356.15	255.9
111.8	332.95	257.05
111.85	334.2	258.2
111.9	335.45	259.35
111.95	336.7	260.5
112.0	337.95	261.65
112.05	315.6	262.8
112.1	294.15	264.0
112.15	295.3	265.2
112.2	273.75	266.4
112.25	252.35	267.6
112.3	253.4	268.8
112.35	233.35	270.0
112.4	255.6	271.2
112.45	235.45	272.4
112.5	236.5	273.6
112.55	281.7	274.8
112.6	260.0	276.0
112.65	239.65	277.2
112.7	240.7	278.4
112.75	220.45	279.6
112.8	242.8	280.85
112.85	243.9	282.1
112.9	223.55	283.35
112.95	204.2	284.6
113.0	205.2	285.85
113.05	206.2	287.1
113.1	207.2	288.35
113.15	188.3	289.6
113.2	189.25	290.85
113.25	170.25	292.1
113.3	171.15	293.35
113.35	172.05	294.6
113.4	172.95	295.85
113.45	194.0	297.1
113.5	194.95	298.35
113.55	175.65	299.6
113.6	176.55	300.85
113.65	177.45	302.1
113.7	178.35	303.35
113.75	179.25	304.6
113.8	180.15	305.85
113.85	181.05	307.1
113.9	181.95	308.35
113.95	182.85	309.6
114.0	183.75	310.85
114.05	184.65	312.1
114.1	185.55	313.4
114.15	186.45	314.7
114.2	187.35	316.0
114.25	188.25	317.3
114.3	189.15	318.6
114.35	190.05	319.9
114.4	190.95	321.2
114.45	191.85	322.5
114.5	192.75	301.35
114.55	193.65	280.35
114.6	194.55	281.55
114.65	195.45	261.7
114.7	196.35	262.85
114.75	197.25	285.15
114.8	198.15	286.35
114.85	199.05	266.3
114.9	199.95	247.3
114.95	200.85	248.4
115.0	201.8	229.6
115.05	202.75	230.65
115.1	203.7	231.7
115.15	204.65	232.75
115.2	205.6	233.8
115.25	206.6	234.85
115.3	207.6	215.8
115.35	208.6	216.8
115.4	209.6	217.8
115.45	210.6	218.8
115.5	211.6	219.8
115.55	212.6	220.8
115.6	213.6	221.8
115.65	214.6	222.8
115.7	215.6	223.8
115.75	216.6	224.8
115.8	217.6	225.8
115.85	218.6	226.8
115.9	219.6	227.8
115.95	220.65	228.8
116.0	221.7	229.8
116.05	222.75	230.8
116.1	223.8	231.8
116.15	224.85	232.8
116.2	225.9	233.8
116.25	204.2	234.8
116.3	205.2	235.8
116.35	183.4	236.8
116.4	207.2	237.8
116.45	185.35	238.8
116.5	186.35	239.8
116.55	164.5	240.8
116.6	165.45	241.8
116.65	147.15	242.8
116.7	148.05	243.8
116.75	131.55	244.8
116.8	149.85	245.8
116.85	133.25	246.85
116.9	134.1	247.9
116.95	134.95	248.95
117.0	135.8	250.0
117.05	136.65	251.05
117.1	137.5	252.1
117.15	138.35	232.0
117.2	139.2	212.6
117.25	140.05	234.1
117.3	140.95	214.6
117.35	141.85	215.6
117.4	142.75	196.0
117.45	143.65	196.95
117.5	144.55	197.9
117.55	145.45	198.85
117.6	146.35	199.8
117.65	147.25	200.75
117.7	148.15	201.7
117.75	149.05	202.65
117.8	149.95	203.6
117.85	150.85	204.55
117.9	151.75	205.5
117.95	152.65	206.45
118.0	153.55	207.4
118.05	154.45	208.35
118.1	155.35	209.3
118.15	156.25	210.25
118.2	157.15	211.2
118.25	158.1	212.15
118.3	159.05	213.1
118.35	160.0	214.05
118.4	160.95	215.0
118.45	161.9	215.95
118.5	162.9	216.9
118.55	163.9	217.85
118.6	164.9	218.8
118.65	165.9	219.75
118.7	166.9	220.7
118.75	167.9	221.65
118.8	168.9	222.6
118.85	169.9	223.55
118.9	170.9	224.5
118.95	171.9	225.45
119.0	172.9	226.4
119.05	173.9	227.35
119.1	174.9	228.3
119.15	175.9	229.25
119.2	176.9	230.2
119.25	177.9	231.15
119.3	178.9	232.1
119.35	179.9	233.05
119.4	180.9	234.0
119.45	181.9	234.95
119.5	182.9	235.9
119.55	183.9	236.85
119.6	184.95	237.8
119.65	186.0	238.75
119.7	187.05	239.7
119.75	188.15	240.65
119.8	189.25	241.6
119.85	190.35	242.55
119.9	191.45	243.5
119.95	192.55	244.45
120.0	193.65	245.4
120.05	194.75	246.35
120.1	195.85	247.3
120.15	196.95	248.25
120.2	198.05	249.2
120.25	199.15	250.15
120.3	200.25	251.1
120.35	201.35	252.05
120.4	202.45	253.0
120.45	203.55	253.95
120.5	204.65	254.9
120.55	205.75	255.85
120.6	206.85	256.8
120.65	207.95	257.75
120.7	209.05	258.7
120.75	210.15	259.65
120.8	211.25	260.6
120.85	212.35	261.55
120.9	213.45	262.5
120.95	214.55	263.45
121.0	215.65	264.4
121.05	216.75	265.35
121.1	217.85	266.3
121.15	218.95	267.25
121.2	220.05	268.2
121.25	221.15	269.15
121.3	222.25	270.1
121.35	223.35	271.05
121.4	224.45	272.0
121.45	225.55	272.95
121.5	226.65	273.9
121.55	227.8	274.85
121.6	228.95	275.8
121.65	230.1	276.75
121.7	231.25	277.7
121.75	232.4	278.65
121.8	233.55	279.6
121.85	234.7	280.55
121.9	235.85	281.5
121.95	237.0	282.45
122.0	238.15	283.4
122.05	239.3	284.35
122.1	240.45	285.3
122.15	241.6	286.25
122.2	242.75	287.2
122.25	243.9	288.15
122.3	245.05	289.1
122.35	246.2	290.05
122.4	247.35	291.0
122.45	248.5	291.95
122.5	249.65	292.9
122.55	250.85	293.9
122.6	252.05	294.9
122.65	253.25	295.9
122.7	254.45	296.9
122.75	255.65	297.9
122.8	256.85	298.9
122.85	258.05	299.9
122.9	259.25	300.9
122.95	260.45	301.9
123.0	261.65	302.9
123.05	262.85	303.9
123.1	264.05	304.9
123.15	265.25	305.9
123.2	266.45	306.9
123.25	267.7	307.9
123.3	268.95	283.1
123.35	247.45	284.05
123.4	248.65	259.55
123.45	207.75	286.0
123.5	189.4	261.45
123.55	231.05	262.4
123.6	211.05	239.2
123.65	192.55	240.1
123.7	193.6	241.0
123.75	194.65	218.9
123.8	195.7	174.05
123.85	196.75	197.75
123.9	197.8	221.6
123.95	198.85	222.5
124.0	199.9	200.3
124.05	201.0	178.05
124.1	202.1	202.0
124.15	203.2	179.65
124.2	204.3	158.6
124.25	205.4	140.75
124.3	206.5	160.1
124.35	207.65	182.9
124.4	208.8	183.75
124.45	209.95	162.5
124.5	211.1	144.5
124.55	212.25	145.3
124.6	213.4	146.1
124.65	214.55	146.9
124.7	215.7	147.75
124.75	216.85	148.6
124.8	218.0	149.45
124.85	219.15	150.3
124.9	220.3	151.15
124.95	221.45	152.0
125.0	222.6	152.85
125.05	223.75	153.7
125.1	224.9	154.55
125.15	226.05	137.15
125.2	227.2	138.0
125.25	228.35	121.9
125.3	229.5	106.4
125.35	230.65	107.15
125.4	231.8	107.9
125.45	232.95	108.65
125.5	234.1	109.4
125.55	235.25	94.6
125.6	236.45	66.25
125.65	237.65	66.85
125.7	238.85	81.45
125.75	240.05	82.1
125.8	241.25	68.65
125.85	242.45	69.25
125.9	243.65	69.85
125.95	244.85	70.45
126.0	246.05	71.05
126.05	247.25	71.7
126.1	248.45	72.35
126.15	249.65	73.0
126.2	250.85	73.65
126.25	252.05	74.3
126.3	253.25	74.95
126.35	254.45	75.6
126.4	255.65	76.25
126.45	256.85	76.9
126.5	258.05	77.55
126.55	259.25	78.2
126.6	260.45	78.85
126.65	261.65	79.55
126.7	262.85	80.25
126.75	264.05	80.95
126.8	265.25	81.7
126.85	266.45	82.45
126.9	267.65	83.2
126.95	268.85	83.95
127.0	270.05	84.7
127.05	271.25	85.45
127.1	272.45	86.2
127.15	273.65	86.95
127.2	274.9	87.7
127.25	276.15	88.45
127.3	277.4	89.2
127.35	278.65	89.95
127.4	279.9	90.7
127.45	281.2	91.45
127.5	282.5	92.2
127.55	283.8	92.95
127.6	285.1	93.7
127.65	286.4	94.45
127.7	287.7	95.2
127.75	289.0	95.95
127.8	290.3	96.7
127.85	291.6	97.5
127.9	292.9	98.3
127.95	294.2	99.1
128.0	295.5	99.95
128.05	296.8	100.8
128.1	298.1	101.65
128.15	299.4	102.5
128.2	300.7	87.2
128.25	302.0	72.5
128.3	303.3	59.05
128.35	304.6	48.25
128.4	305.9	60.55
128.45	307.2	61.3
128.5	308.5	50.35
128.55	309.8	51.05
128.6	311.1	51.75
128.65	312.4	52.45
128.7	313.75	53.15
128.75	315.1	53.85
128.8	316.45	54.55
128.85	317.8	55.25
128.9	319.15	55.95
128.95	320.5	56.65
129.0	321.85	57.35
129.05	323.2	58.05
129.1	324.55	58.75
129.15	325.9	59.45
129.2	327.25	60.15
129.25	328.6	60.85
129.3	329.95	61.55
129.35	331.3	62.25
129.4	332.65	62.95
129.45	334.0	63.65
129.5	335.35	64.35
129.55	336.7	65.05
129.6	338.05	65.75
129.65	339.4	66.45
129.7	340.75	67.15
129.75	342.1	67.85
129.8	343.45	68.55
129.85	344.8	69.25
129.9	346.15	69.95
129.95	347.5	70.65
130.0	348.85	71.35
130.05	350.2	72.05
130.1	351.55	72.75
130.15	352.95	73.45
130.2	354.35	74.15
130.25	355.75	74.85
130.3	357.15	75.55
130.35	358.55	76.25
130.4	359.95	76.95
130.45	361.35	77.65
130.5	362.75	78.35
130.55	364.15	79.05
130.6	365.55	79.75
130.65	366.95	80.5
130.7	368.35	81.25
130.75	343.9	82.0
130.8	321.65	82.75
130.85	346.6	83.5
130.9	324.25	84.25
130.95	325.55	85.0
131.0	326.85	85.75
131.05	304.45	86.5
131.1	305.7	87.25
131.15	283.85	88.0
131.2	285.05	88.75
131.25	286.25	89.5
131.3	287.5	90.25
131.35	266.2	91.05
131.4	224.5	91.85
131.45	291.25	78.35
131.5	269.8	70.15
131.55	227.8	79.95
131.6	272.2	71.65
131.65	230.0	72.4
131.7	211.7	73.15
131.75	253.75	73.9
131.8	233.3	74.65
131.85	214.85	75.4
131.9	215.95	76.15
131.95	217.05	76.9
132.0	218.15	77.65
132.05	239.05	78.4
132.1	220.45	79.15
132.15	221.65	79.9
132.2	222.85	80.65
132.25	204.6	81.4
132.3	188.4	82.15
132.35	206.9	82.9
132.4	173.4	83.65
132.45	191.7	84.4
132.5	175.5	85.15
132.55	176.55	85.9
132.6	160.9	86.65
132.65	196.1	87.4
132.7	179.7	88.15
132.75	163.9	88.9
132.8	164.9	89.65
132.85	149.45	90.4
132.9	134.75	91.15
132.95	135.7	91.9
133.0	136.65	92.65
133.05	153.4	93.4
133.1	138.55	94.15
133.15	139.5	94.9
133.2	140.45	95.65
133.25	157.4	96.4
133.3	142.35	97.15
133.35	143.3	97.9
133.4	144.25	98.65
133.45	145.2	99.45
133.5	146.15	100.25
133.55	147.1	101.05
133.6	148.05	101.85
133.65	149.0	102.65
133.7	150.0	103.45
133.75	151.0	104.25
133.8	152.0	105.05
133.85	153.0	105.85
133.9	154.0	106.7
133.95	155.05	107.55
134.0	156.1	108.4
134.05	157.15	109.25
134.1	158.2	110.1
134.15	159.25	110.95
134.2	160.3	111.8
134.25	161.35	112.65
134.3	162.45	113.5
134.35	163.55	114.35
134.4	164.65	115.2
134.45	165.75	116.05
134.5	166.85	116.9
134.55	167.95	117.75
134.6	169.05	118.6
134.65	170.15	119.45
134.7	171.25	120.3
134.75	172.35	121.15
134.8	173.45	122.0
134.85	174.55	122.85
134.9	175.65	123.7
134.95	176.75	124.55
135.0	177.85	125.4
135.05	178.95	126.25
135.1	180.05	127.1
135.15	181.15	127.95
135.2	182.25	128.8
135.25	183.35	129.65
135.3	184.45	130.5
135.35	185.55	131.35
135.4	186.65	132.2
135.45	187.75	133.05
135.5	188.85	133.9
135.55	189.95	134.75
135.6	191.1	135.6
135.65	192.25	136.45
135.7	193.4	137.3
135.75	194.6	138.15
135.8	195.8	139.0
135.85	197.0	139.85
135.9	198.2	140.7
135.95	199.4	141.55
136.0	200.6	142.4
136.05	201.8	143.25
136.1	203.0	144.1
136.15	204.2	144.95
136.2	205.4	145.8
136.25	206.6	146.65
136.3	207.8	147.5
136.35	209.0	148.35
136.4	210.2	149.2
136.45	211.4	150.05
136.5	212.6	150.9
136.55	213.8	151.75
136.6	215.0	152.6
136.65	216.25	153.45
136.7	217.5	154.3
136.75	218.75	155.15
136.8	220.0	156.0
136.85	221.25	156.85
136.9	222.5	157.75
136.95	223.75	158.65
137.0	225.05	159.6
137.05	226.35	160.6
137.1	227.65	161.6
137.15	228.95	162.6
137.2	230.25	163.6
137.25	231.55	164.6
137.3	232.85	165.6
137.35	234.15	166.6
137.4	235.45	167.6
137.45	236.75	168.6
137.5	238.05	169.6
137.55	239.35	170.6
137.6	240.65	171.6
137.65	241.95	172.6
137.7	243.25	173.6
137.75	244.55	174.6
137.8	245.85	175.6
137.85	247.15	176.6
137.9	248.45	177.6
137.95	249.75	178.6
138.0	251.05	179.6
138.05	252.35	180.6
138.1	253.65	181.6
138.15	254.95	182.6
138.2	256.25	183.6
138.25	257.55	184.6
138.3	258.85	170.75
138.35	260.15	171.75
138.4	261.45	172.75
138.45	262.75	173.75
138.5	264.05	174.75
138.55	265.35	175.75
138.6	246.25	176.75
138.65	247.5	177.75
138.7	228.5	178.75
138.75	229.7	179.8
138.8	211.65	180.85
138.85	232.1	181.95
138.9	213.95	183.05
138.95	215.15	184.15
139.0	216.35	185.25
139.05	217.55	186.35
139.1	218.75	187.45
139.15	219.95	188.55
139.2	221.15	189.65
139.25	222.35	190.75
139.3	223.55	191.85
139.35	224.75	192.95
139.4	225.95	194.05
139.45	227.15	195.15
139.5	228.35	196.25
139.55	229.55	197.35
139.6	230.75	198.45
139.65	231.95	199.55
139.7	233.15	200.65
139.75	234.35	201.8
139.8	235.55	202.95
139.85	236.75	204.1
139.9	237.95	205.25
139.95	239.15	206.4
140.0	240.35	207.55
140.05	241.55	208.7
140.1	242.75	209.85
140.15	243.95	211.0
140.2	245.15	212.15
140.25	246.35	213.3
140.3	247.55	214.45
140.35	248.75	215.6
140.4	249.95	216.75
140.45	251.15	217.9
140.5	231.55	219.05
140.55	232.7	220.2
140.6	233.85	221.35
140.65	215.85	222.5
140.7	216.95	223.65
140.75	199.8	224.8
140.8	219.15	225.95
140.85	184.25	227.1
140.9	202.95	228.25
140.95	186.25	229.4
141.0	187.25	230.55
141.05	171.2	231.7
141.1	189.3	232.85
141.15	173.2	234.0
141.2	174.2	235.15
141.25	175.2	236.35
141.3	176.2	237.55
141.35	177.2	238.75
141.4	178.2	239.95
141.45	179.2	241.15
141.5	180.2	242.35
141.55	181.2	243.55
141.6	182.2	244.75
141.65	183.2	245.95
141.7	184.2	247.15
141.75	185.25	248.35
141.8	186.3	249.55
141.85	187.35	250.75
141.9	188.4	251.95
141.95	189.45	253.15
142.0	190.5	254.35
142.05	191.55	255.55
142.1	192.6	256.75
142.15	193.65	257.95
142.2	194.7	259.15
142.25	195.75	260.35
142.3	196.8	261.55
142.35	197.85	262.75
142.4	198.95	263.95
142.45	200.05	265.15
142.5	201.15	266.35
142.55	202.25	267.55
142.6	203.35	268.75
142.65	204.45	269.95
142.7	205.55	271.15
142.75	206.65	272.35
142.8	207.75	273.55
142.85	208.85	274.75
142.9	209.95	256.75
142.95	211.05	257.9
143.0	212.15	259.05
143.05	213.25	260.2
143.1	214.35	261.35
143.15	215.45	262.5
143.2	216.55	263.65
143.25	217.65	264.8
143.3	218.75	265.95
143.35	219.85	267.1
143.4	220.95	268.25
143.45	222.05	269.4
143.5	223.15	270.55
143.55	224.25	271.7
143.6	225.35	272.85
143.65	226.5	274.0
143.7	227.65	275.2
143.75	228.8	276.4
143.8	229.95	277.6
143.85	231.1	278.8
143.9	232.25	280.0
143.95	233.4	281.2
144.0	234.55	282.4
144.05	235.75	283.6
144.1	237.0	284.85
144.15	238.25	286.1
144.2	239.5	287.35
144.25	240.75	288.65
144.3	242.0	289.95
144.35	243.25	291.25
144.4	244.55	292.6
144.45	245.85	293.95
144.5	247.15	295.3
144.55	248.45	296.65
144.6	249.75	298.0
144.65	251.1	299.35
144.7	252.45	300.7
144.75	253.8	302.05
144.8	255.15	303.4
144.85	256.5	304.75
144.9	257.85	306.1
144.95	259.2	307.45
145.0	260.55	308.8
145.05	261.9	310.15
145.1	263.25	311.5
145.15	264.6	312.85
145.2	265.95	293.3
145.25	267.3	294.6
145.3	268.65	295.95
145.35	270.0	297.3
145.4	271.35	298.7
145.45	272.75	300.1
145.5	274.15	301.5
145.55	275.55	302.9
145.6	276.95	304.3
145.65	278.35	305.7
145.7	279.75	307.15
145.75	281.15	308.6
145.8	282.55	310.1
145.85	283.95	311.6
145.9	285.35	313.1
145.95	286.75	314.6
146.0	288.15	316.1
146.05	289.55	317.6
146.1	290.95	319.1
146.15	292.35	298.9
146.2	293.75	278.8
146.25	295.15	259.1
146.3	296.55	303.25
146.35	297.95	283.0
146.4	299.35	284.4
146.45	300.75	264.5
146.5	302.15	265.85
146.55	303.55	246.65
146.6	304.95	227.95
146.65	306.35	209.3
146.7	307.75	230.45
146.75	309.15	211.7
146.8	310.55	193.9
146.85	311.95	195.05
146.9	313.35	177.25
146.95	314.75	197.35
147.0	316.15	198.5
147.05	317.55	180.55
147.1	318.95	220.1
147.15	320.35	201.95
147.2	321.75	183.85
147.25	300.2	185.0
147.3	279.8	186.15
147.35	302.9	168.2
147.4	262.15	169.3
147.45	263.4	170.4
147.5	225.7	171.5
147.55	286.3	172.6
147.6	267.15	173.7
147.65	268.4	174.8
147.7	230.3	175.9
147.75	250.55	177.0
147.8	232.6	178.1
147.85	233.75	179.2
147.9	234.9	180.3
147.95	236.05	181.4
148.0	237.2	182.5
148.05	238.35	183.6
148.1	239.5	184.7
148.15	240.65	185.8
148.2	241.8	186.9
148.25	242.95	188.0
148.3	244.1	189.1
148.35	245.25	190.25
148.4	246.45	191.4
148.45	247.65	192.55
148.5	248.85	193.7
148.55	250.05	194.85
148.6	251.25	196.0
148.65	252.45	197.15
148.7	253.65	198.3
148.75	254.85	199.45
148.8	256.05	200.6
148.85	257.25	201.75
148.9	258.45	202.9
148.95	259.65	204.05
149.0	260.85	205.2
149.05	262.05	206.35
149.1	263.25	207.5
149.15	264.45	208.65
149.2	265.65	209.85
149.25	266.85	211.05
149.3	268.05	212.25
149.35	269.25	213.45
149.4	270.45	214.65
149.45	271.7	215.85
149.5	272.95	217.05
149.55	274.2	218.25
149.6	275.45	219.45
149.65	276.7	220.65
149.7	277.95	221.85
149.75	279.2	223.05
149.8	280.45	224.25
149.85	281.7	225.45
149.9	282.95	226.65
149.95	284.2	227.85
150.0	285.45	229.05
150.05	286.7	230.25
150.1	287.95	231.45
150.15	289.2	232.65
150.2	290.45	233.85
150.25	291.7	235.05
150.3	292.95	236.25
150.35	294.2	237.45
150.4	295.45	238.65
150.45	296.7	239.85
150.5	297.95	241.05
150.55	299.2	242.25
150.6	300.45	243.5
150.65	301.7	244.75
150.7	302.95	246.0
150.75	304.2	247.3
150.8	305.45	248.6
150.85	306.7	249.9
150.9	307.95	251.25
150.95	309.2	252.6
151.0	310.45	253.95
151.05	311.7	255.3
151.1	312.95	256.65
151.15	314.2	258.0
151.2	315.45	218.85
151.25	316.7	240.05
151.3	317.95	241.35
151.35	319.2	222.6
151.4	320.45	223.85
151.45	321.7	205.1
151.5	322.95	170.55
151.55	324.2	189.35
151.6	325.45	172.75
151.65	326.7	173.85
151.7	327.95	174.95
151.75	329.2	176.05
151.8	330.45	177.15
151.85	331.7	178.25
151.9	332.95	179.35
151.95	334.2	180.45
152.0	335.45	181.55
152.05	336.7	182.65
152.1	337.95	183.8
152.15	339.2	184.95
152.2	340.45	186.1
152.25	341.7	187.25
152.3	342.95	188.4
152.35	344.2	189.55
152.4	345.45	190.7
152.45	346.7	191.9
152.5	347.95	193.1
152.55	349.2	194.3
152.6	350.45	195.5
152.65	351.7	196.7
152.7	352.95	197.9
152.75	354.2	199.1
152.8	355.45	200.3
152.85	356.7	201.5
152.9	358.0	202.7
152.95	359.3	203.9
153.0	360.6	205.1
153.05	361.9	206.3
153.1	363.2	207.5
153.15	364.5	208.7
153.2	365.8	209.9
153.25	367.1	211.1
153.3	368.4	212.35
153.35	369.7	213.6
153.4	371.0	214.85
153.45	372.3	216.1
153.5	373.6	217.35
153.55	374.9	218.6
153.6	376.2	219.85
153.65	377.5	221.1
153.7	378.8	222.35
153.75	380.1	223.6
153.8	381.4	224.85
153.85	382.7	226.1
153.9	384.0	227.35
153.95	385.3	228.6
154.0	386.6	229.85
154.05	387.9	231.1
154.1	389.2	232.35
154.15	390.5	233.6
154.2	391.8	234.85
154.25	393.1	236.1
154.3	394.4	237.35
154.35	395.7	238.6
154.4	372.7	239.85
154.45	373.95	241.1
154.5	351.95	242.35
154.55	353.15	243.6
154.6	309.0	244.85
154.65	355.55	246.1
154.7	333.9	247.35
154.75	335.05	248.6
154.8	313.4	249.85
154.85	314.5	251.1
154.9	315.6	252.35
154.95	339.65	253.6
155.0	317.8	254.85
155.05	318.9	256.1
155.1	274.8	257.35
155.15	298.05	258.6
155.2	276.8	259.85
155.25	300.15	261.15
155.3	278.8	262.45
155.35	258.1	263.75
155.4	259.05	265.05
155.45	238.45	266.35
155.5	239.35	267.65
155.55	261.9	268.95
155.6	262.85	270.25
155.65	242.05	271.55
155.7	221.5	272.85
155.75	222.35	274.15
155.8	223.2	275.45
155.85	245.65	276.75
155.9	224.9	278.05
155.95	225.75	279.35
156.0	226.6	280.65
156.05	227.5	281.95
156.1	228.4	283.25
156.15	229.3	284.55
156.2	230.2	285.85
156.25	231.1	287.15
156.3	232.0	288.45
156.35	232.9	289.75
156.4	233.8	291.05
156.45	234.7	292.35
156.5	235.6	293.65
156.55	236.5	294.95
156.6	237.4	296.25
156.65	238.3	297.55
156.7	239.2	298.85
156.75	240.1	300.15
156.8	241.0	301.45
156.85	220.6	302.75
156.9	200.25	304.05
156.95	222.3	305.35
157.0	181.45	306.65
157.05	202.65	307.95
157.1	182.95	309.25
157.15	163.5	310.55
157.2	184.45	311.85
157.25	185.2	313.15
157.3	165.6	314.45
157.35	147.85	315.75
157.4	148.5	317.05
157.45	132.75	318.35
157.5	133.35	319.65
157.55	102.9	320.95
157.6	103.4	322.25
157.65	89.85	323.55
157.7	135.75	324.85
157.75	120.3	326.15
157.8	105.4	327.5
157.85	105.9	328.85
157.9	106.4	330.2
157.95	106.9	331.55
158.0	93.0	332.9
158.05	79.4	334.25
158.1	79.8	335.6
158.15	80.2	336.95
158.2	80.6	338.35
158.25	81.0	339.75
158.3	81.4	341.15
158.35	81.8	342.55
158.4	82.2	343.95
158.45	82.6	345.35
158.5	83.05	346.75
158.55	83.5	348.15
158.6	83.95	349.55
158.65	84.4	350.95
158.7	84.85	352.35
158.75	85.3	353.75
158.8	85.75	355.15
158.85	86.2	356.55
158.9	86.65	357.95
158.95	87.1	359.35
159.0	87.55	338.6
159.05	73.0	339.95
159.1	58.65	319.15
159.15	59.0	320.45
159.2	44.8	321.75
159.25	45.15	323.05
159.3	45.5	324.35
159.35	20.9	303.3
159.4	32.2	304.55
159.45	11.35	305.8
159.5	21.65	307.05
159.55	11.75	308.3
159.6	11.95	309.55
159.65	12.15	310.85
159.7	12.35	312.15
159.75	12.55	313.45
159.8	12.75	314.75
159.85	12.95	316.05
159.9	13.15	317.35
159.95	13.35	318.65
160.0	13.55	319.95
160.05	13.75	321.3
160.1	13.95	322.65
160.15	14.15	324.0
160.2	14.35	325.35
160.25	7.15	326.7
160.3	7.3	328.05
160.35	7.45	329.4
160.4	7.6	330.75
160.45	7.75	332.1
160.5	7.9	333.45
160.55	8.05	334.8
160.6	8.2	336.15
160.65	8.35	337.5
160.7	8.5	338.85
160.75	8.65	340.2
160.8	8.8	341.55
160.85	8.95	342.9
160.9	9.1	344.25
160.95	9.25	345.6
161.0	9.4	346.95
161.05	9.55	348.3
161.1	9.7	349.65
161.15	9.85	351.0
161.2	10.0	352.35
161.25	10.15	353.7
161.3	10.3	355.1
161.35	10.45	356.5
161.4	10.6	357.9
161.45	10.75	359.3
161.5	10.9	360.7
161.55	11.05	362.1
161.6	11.2	363.5
161.65	11.35	364.9
161.7	11.5	366.3
161.75	11.65	367.7
161.8	11.8	369.15
161.85	11.95	370.6
161.9	12.1	372.05
161.95	12.25	373.55
162.0	12.45	375.05
162.05	12.65	376.55
162.1	12.85	378.05
162.15	13.05	379.55
162.2	13.25	381.05
162.25	13.45	382.55
162.3	13.65	360.0
162.35	13.85	337.8
162.4	14.1	362.9
162.45	14.4	340.6
162.5	14.7	342.0
162.55	15.0	319.7
162.6	15.3	344.9
162.65	15.6	322.5
162.7	15.9	323.9
162.75	16.2	302.25
162.8	16.5	326.7
162.85	16.8	304.95
162.9	17.1	306.3
162.95	17.4	307.65
163.0	17.7	309.0
163.05	18.0	310.35
163.1	18.3	311.7
163.15	18.6	313.05
163.2	18.9	314.4
163.25	19.2	315.75
163.3	19.5	317.1
163.35	19.8	318.45
163.4	20.1	319.8
163.45	20.4	321.15
163.5	20.7	322.5
163.55	21.0	323.85
163.6	21.3	325.2
163.65	21.6	326.55
163.7	21.9	327.9
163.75	22.2	329.25
163.8	22.55	330.6
163.85	22.9	331.95
163.9	23.25	333.3
163.95	23.6	334.65
164.0	23.95	336.0
164.05	24.3	337.35
164.1	24.65	338.7
164.15	25.05	340.05
164.2	25.45	341.4
164.25	25.85	342.75
164.3	26.25	344.1
164.35	26.65	345.45
164.4	27.05	346.8
164.45	27.45	348.15
164.5	27.85	349.5
164.55	28.25	350.85
164.6	28.65	352.2
164.65	29.05	353.55
164.7	29.45	354.95
164.75	29.85	356.35
164.8	30.25	357.75
164.85	30.65	359.15
164.9	31.05	360.55
164.95	31.45	362.0
165.0	31.85	363.45
165.05	32.25	364.9
165.1	32.65	366.35
165.15	33.05	367.8
165.2	33.45	369.25
165.25	33.85	370.7
165.3	34.25	372.15
165.35	34.65	373.6
165.4	35.05	375.05
165.45	35.45	376.5
165.5	35.85	377.95
165.55	36.25	379.4
165.6	36.65	380.85
165.65	37.05	382.3
165.7	37.45	383.75
165.75	37.85	385.2
165.8	38.25	386.7
165.85	38.65	388.2
165.9	39.05	389.7
165.95	39.45	391.2
166.0	39.85	392.7
166.05	40.25	394.2
166.1	40.65	395.7
166.15	41.05	397.2
166.2	41.45	398.7
166.25	41.85	400.2
166.3	42.25	401.7
166.35	42.65	403.2
166.4	43.05	404.7
166.45	43.45	406.2
166.5	43.85	407.7
166.55	44.25	409.2
166.6	44.65	410.7
166.65	45.05	386.75
166.7	45.45	365.15
166.75	45.85	343.85
166.8	46.25	367.95
166.85	46.65	369.35
166.9	47.05	347.9
166.95	47.45	349.25
167.0	47.85	327.8
167.05	48.25	329.1
167.1	48.65	353.3
167.15	49.05	331.7
167.2	49.45	333.0
167.25	49.85	334.3
167.3	50.25	290.6
167.35	50.65	269.8
167.4	51.05	315.2
167.45	51.45	316.5
167.5	51.85	317.8
167.55	52.25	296.8
167.6	52.65	275.8
167.65	53.05	255.0
167.7	53.45	278.2
167.75	53.85	257.3
167.8	54.25	258.45
167.85	54.65	237.5
167.9	55.05	238.6
167.95	55.5	239.7
168.0	55.95	263.05
168.05	56.4	264.2
168.1	56.85	243.0
168.15	57.3	244.1
168.2	57.75	245.2
168.25	58.2	246.3
168.3	58.65	247.4
168.35	59.1	248.5
168.4	59.55	249.6
168.45	60.0	250.7
168.5	60.45	251.8
168.55	60.9	252.95
168.6	61.35	254.1
168.65	61.8	255.3
168.7	62.25	256.5
168.75	62.7	257.7
168.8	63.15	258.9
168.85	63.6	260.1
168.9	64.05	261.3
168.95	64.5	262.5
169.0	65.0	263.7
169.05	65.5	264.9
169.1	66.0	266.1
169.15	66.5	267.3
169.2	67.0	268.5
169.25	67.5	269.7
169.3	68.0	270.9
169.35	68.5	272.1
169.4	69.0	273.3
169.45	69.5	274.5
169.5	70.0	275.7
169.55	70.5	276.9
169.6	71.0	278.1
169.65	71.5	279.3
169.7	72.0	280.5
169.75	72.55	281.7
169.8	73.1	282.9
169.85	73.65	284.1
169.9	74.2	285.3
169.95	74.75	286.5
170.0	75.3	287.7
170.05	75.85	288.9
170.1	76.4	290.1
170.15	76.95	291.3
170.2	77.5	292.5
170.25	78.05	293.7
170.3	78.6	294.95
170.35	79.15	296.2
170.4	79.7	297.45
170.45	80.25	298.7
170.5	80.8	299.95
170.55	81.35	301.2
170.6	81.9	302.45
170.65	82.45	303.7
170.7	83.0	304.95
170.75	83.55	306.2
170.8	84.1	307.45
170.85	84.65	308.7
170.9	85.2	309.95
170.95	85.75	311.2
171.0	86.3	312.45
171.05	86.85	313.7
171.1	87.4	315.0
171.15	87.95	292.35
171.2	88.5	270.7
171.25	89.05	294.9
171.3	89.65	273.2
171.35	90.25	274.5
171.4	90.85	253.55
171.45	91.45	254.8
171.5	92.05	256.05
171.55	92.65	236.3
171.6	93.25	216.65
171.65	93.85	259.9
171.7	94.45	240.05
171.75	95.05	241.3
171.8	95.65	221.45
171.85	96.25	201.65
171.9	96.85	223.85
171.95	97.45	203.95
172.0	98.05	185.15
172.05	98.65	186.25
172.1	99.25	167.65
172.15	99.85	188.45
172.2	100.45	169.75
172.25	101.05	151.8
172.3	101.65	152.8
172.35	102.25	192.85
172.4	102.85	173.95
172.45	103.45	155.8
172.5	104.05	156.8
172.55	104.65	140.45
172.6	105.25	158.8
172.65	105.85	159.8
172.7	106.45	143.3
172.75	107.1	144.25
172.8	107.75	145.2
172.85	108.4	146.15
172.9	109.05	147.1
172.95	109.7	148.05
173.0	110.35	149.0
173.05	111.0	134.65
173.1	111.65	120.6
173.15	112.3	121.45
173.2	112.95	108.7
173.25	113.6	109.5
173.3	114.25	110.3
173.35	114.9	111.1
173.4	115.55	111.9
173.45	116.2	112.7
173.5	116.85	113.5
173.55	117.5	114.3
173.6	118.15	115.1
173.65	118.8	115.9
173.7	119.45	116.7
173.75	120.1	117.5
173.8	120.75	118.3
173.85	121.4	119.1
173.9	122.05	119.9
173.95	122.7	120.7
174.0	123.35	121.5
174.05	124.0	122.3
174.1	124.65	123.1
174.15	125.3	123.9
174.2	125.95	124.7
174.25	126.6	125.5
174.3	127.25	126.3
174.35	127.9	127.1
174.4	128.55	127.9
174.45	129.2	128.7
174.5	129.85	129.5
174.55	130.5	130.3
174.6	131.15	131.1
174.65	131.8	131.9
174.7	132.45	132.7
174.75	133.1	133.5
174.8	133.75	134.3
174.85	134.4	135.1
174.9	135.05	135.9
174.95	135.7	136.7
175.0	136.35	137.5
175.05	137.0	138.3
175.1	137.65	139.1
175.15	138.3	139.9
175.2	138.95	140.7
175.25	139.6	141.5
175.3	140.25	142.3
175.35	140.9	143.1
175.4	141.55	143.95
175.45	142.2	144.8
175.5	142.85	145.65
175.55	143.5	146.5
175.6	144.15	147.35
175.65	144.8	148.2
175.7	125.75	149.05
175.75	126.35	149.9
175.8	109.6	150.8
175.85	110.15	151.7
175.9	93.95	152.6
175.95	80.45	153.5
176.0	80.9	154.4
176.05	67.65	155.3
176.1	95.95	156.2
176.15	82.25	157.1
176.2	68.85	158.05
176.25	69.25	159.0
176.3	55.75	159.95
176.35	31.25	160.9
176.4	31.5	161.85
176.45	23.2	162.8
176.5	57.2	163.75
176.55	44.8	164.7
176.6	32.65	165.65
176.65	32.95	166.6
176.7	24.45	167.55
176.75	24.7	168.5
176.8	24.95	169.45
176.85	25.2	170.4
176.9	25.45	171.35
176.95	25.7	172.3
177.0	25.95	173.25
177.05	26.2	174.2
177.1	26.45	175.15
177.15	26.75	176.15
177.2	27.05	177.2
177.25	27.35	178.25
177.3	27.65	179.3
177.35	27.95	180.35
177.4	28.25	181.4
177.45	28.55	182.45
177.5	28.85	183.5
177.55	29.15	184.6
177.6	29.45	185.7
177.65	29.75	186.8
177.7	30.05	187.9
177.75	30.35	189.0
177.8	30.65	190.1
177.85	30.95	191.2
177.9	31.25	192.3
177.95	31.55	193.4
178.0	31.85	194.5
178.05	32.15	195.6
178.1	32.5	196.7
178.15	32.85	197.8
178.2	33.2	198.9
178.25	33.55	200.0
178.3	33.9	201.1
178.35	34.25	202.2
178.4	34.6	203.35
178.45	34.95	204.5
178.5	35.3	205.65
178.55	35.65	206.8
178.6	36.0	207.95
178.65	36.35	209.1
178.7	36.7	210.25
178.75	37.05	211.4
178.8	37.4	212.6
178.85	37.75	213.8
178.9	38.1	215.0
178.95	38.45	216.2
179.0	38.8	217.4
179.05	39.15	218.65
179.1	39.5	219.9
179.15	39.85	221.15
179.2	40.2	222.4
179.25	40.55	223.65
179.3	40.9	224.9
179.35	41.25	226.15
179.4	41.6	227.4
179.45	41.95	228.65
179.5	42.3	229.95
179.55	42.65	231.25
179.6	43.0	232.55
179.65	43.35	233.85
179.7	43.75	235.15
179.75	44.15	236.45
179.8	44.55	237.75
179.85	44.95	239.05
179.9	45.35	240.35
179.95	45.75	241.65
180.0	46.15	242.95
180.05	46.55	244.25
180.1	46.95	245.55
180.15	47.35	246.85
180.2	47.75	248.15
180.25	48.15	249.45
180.3	48.55	250.75
180.35	48.95	252.05
180.4	49.35	253.35
180.45	49.75	254.65
180.5	50.15	255.95
180.55	50.55	257.25
180.6	50.95	258.55
180.65	51.35	259.85
180.7	51.75	261.15
180.75	52.15	262.45
180.8	52.55	263.75
180.85	52.95	265.05
180.9	53.35	266.35
180.95	53.75	267.65
181.0	54.15	268.95
181.05	54.55	270.25
181.1	54.95	271.55
181.15	55.35	272.85
181.2	55.8	274.15
181.25	56.25	275.45
181.3	56.7	276.75
181.35	57.15	278.05
181.4	57.6	279.35
181.45	58.05	280.65
181.5	58.5	281.95
181.55	58.95	283.3
181.6	59.4	284.65
181.65	59.85	286.0
181.7	60.3	287.35
181.75	60.75	288.75
181.8	61.2	290.15
181.85	61.65	291.55
181.9	62.1	292.95
181.95	62.55	294.35
182.0	63.0	295.75
182.05	63.45	297.2
182.1	63.9	298.65
182.15	64.35	300.1
182.2	64.85	301.55
182.25	65.35	303.0
182.3	65.85	304.45
182.35	66.35	305.9
182.4	66.85	307.4
182.45	67.35	308.9
182.5	67.85	310.45
182.55	68.35	312.05
182.6	68.85	313.65
182.65	69.35	315.25
182.7	69.85	316.9
182.75	70.35	318.55
182.8	70.85	320.2
182.85	71.35	321.85
182.9	71.85	323.5
182.95	72.35	325.15
183.0	72.85	326.8
183.05	73.35	328.45
183.1	73.85	330.1
183.15	74.35	331.75
183.2	74.85	333.45
183.25	75.35	335.15
183.3	75.85	336.85
183.35	76.35	338.55
183.4	76.85	340.25
183.45	77.35	341.95
183.5	77.85	343.65
183.55	78.35	345.35
183.6	78.85	347.05
183.65	79.35	348.75
183.7	79.85	350.45
183.75	80.35	352.15
183.8	80.85	353.85
183.85	81.4	355.6
183.9	81.95	357.35
183.95	82.5	359.1
184.0	83.05	360.85
184.05	83.6	362.65
184.1	84.15	364.45
184.15	84.7	366.25
184.2	85.25	368.05
184.25	85.8	369.85
184.3	86.35	371.65
184.35	86.9	373.45
184.4	87.45	375.25
184.45	88.0	377.05
184.5	88.55	331.1
184.55	89.1	356.1
184.6	89.7	357.85
184.65	90.3	336.2
184.7	90.9	337.9
184.75	91.5	316.6
184.8	92.1	318.25
184.85	92.7	319.9
184.9	93.3	321.6
184.95	93.9	300.25
185.0	94.5	301.9
185.05	95.1	281.0
185.1	95.7	282.6
185.15	96.3	284.2
185.2	96.9	285.85
185.25	97.5	266.9
185.3	98.1	268.5
185.35	98.7	270.1
185.4	99.3	271.7
185.45	99.9	273.35
185.5	100.5	275.0
185.55	101.15	276.65
185.6	101.8	278.3
185.65	102.45	279.95
185.7	103.1	281.6
185.75	103.75	283.25
185.8	104.4	284.9
185.85	105.05	286.55
185.9	105.7	288.2
185.95	106.35	289.85
186.0	107.05	291.5
186.05	107.75	293.15
186.1	108.45	294.8
186.15	109.15	296.45
186.2	109.85	298.1
186.25	110.55	299.75
186.3	111.25	301.4
186.35	111.95	303.05
186.4	112.65	304.75
186.45	113.35	306.5
186.5	114.05	308.25
186.55	114.75	310.0
186.6	115.45	311.75
186.65	116.15	313.5
186.7	116.85	315.25
186.75	117.55	317.0
186.8	118.25	318.75
186.85	118.95	320.5
186.9	119.65	322.25
186.95	120.35	324.0
187.0	121.05	325.75
187.05	121.75	327.5
187.1	122.45	329.25
187.15	123.15	331.0
187.2	123.85	332.75
187.25	124.6	334.5
187.3	125.35	336.25
187.35	126.1	338.0
187.4	126.85	317.25
187.45	127.6	318.95
187.5	128.35	298.9
187.55	129.1	300.55
187.6	129.85	302.2
187.65	130.6	303.85
187.7	131.35	305.5
187.75	132.1	307.15
187.8	132.9	308.8
187.85	133.7	310.45
187.9	134.5	312.1
187.95	135.3	313.8
188.0	136.1	315.5
188.05	136.9	317.2
188.1	137.7	318.9
188.15	138.5	320.6
188.2	139.3	322.3
188.25	140.1	324.0
188.3	140.9	325.7
188.35	141.7	327.45
188.4	142.5	329.2
188.45	143.3	330.95
188.5	144.1	332.7
188.55	144.9	334.45
188.6	145.7	336.2
188.65	146.5	337.95
188.7	147.3	339.7
188.75	148.1	341.45
188.8	148.9	343.2
188.85	149.7	344.95
188.9	150.5	346.7
188.95	151.3	348.45
189.0	152.1	350.25
189.05	152.9	352.05
189.1	153.7	353.85
189.15	154.5	355.65
189.2	155.3	357.45
189.25	156.1	359.25
189.3	156.9	361.05
189.35	157.7	362.85
189.4	158.5	364.65
189.45	159.3	366.45
189.5	160.1	368.25
189.55	160.9	370.05
189.6	161.7	371.85
189.65	162.55	373.65
189.7	163.4	375.45
189.75	164.25	377.25
189.8	165.1	379.05
189.85	165.95	380.85
189.9	166.8	382.65
189.95	167.65	384.45
190.0	168.5	386.25
190.05	169.35	388.05
190.1	170.2	389.85
190.15	171.05	391.65
190.2	171.9	393.45
190.25	172.75	395.25
190.3	173.6	397.05
190.35	174.45	398.85
190.4	175.3	400.65
190.45	176.15	402.45
190.5	177.0	404.25
190.55	177.85	406.1
190.6	178.7	407.95
190.65	179.55	409.8
190.7	180.4	411.65
190.75	181.25	413.5
190.8	182.1	415.35
190.85	182.95	417.2
190.9	183.8	419.05
190.95	184.65	420.9
191.0	185.5	422.75
191.05	186.35	424.6
191.1	187.25	426.45
191.15	188.15	428.3
191.2	189.05	430.15
191.25	189.95	432.0
191.3	190.85	433.85
191.35	191.75	435.7
191.4	192.65	437.55
191.45	193.55	439.4
191.5	194.45	441.25
191.55	195.35	443.1
191.6	196.25	445.0
191.65	197.15	446.9
191.7	198.05	448.8
191.75	198.95	450.7
191.8	199.85	452.6
191.85	200.75	454.5
191.9	201.65	456.4
191.95	202.55	458.3
192.0	203.45	460.2
192.05	204.35	462.1
192.1	205.25	464.0
192.15	206.2	465.9
192.2	207.15	467.8
192.25	208.1	469.7
192.3	209.05	471.6
192.35	210.0	473.5
192.4	210.95	475.4
192.45	211.9	477.3
192.5	212.85	479.2
192.55	213.8	481.1
192.6	214.75	483.0
192.65	215.7	484.9
192.7	216.7	486.8
192.75	217.7	488.7
192.8	218.7	490.6
192.85	219.7	492.5
192.9	220.7	494.4
192.95	221.7	496.3
193.0	222.7	498.2
193.05	223.7	500.1
193.1	224.7	502.0
193.15	225.7	503.9
193.2	226.7	505.8
193.25	227.7	507.7
193.3	228.7	483.65
193.35	229.7	460.65
193.4	230.7	487.35
193.45	231.7	489.2
193.5	232.7	466.05
193.55	233.7	442.9
193.6	234.7	444.7
193.65	235.7	423.1
193.7	236.7	424.85
193.75	237.7	403.9
193.8	238.7	383.0
